1 2 5.6612
1 3 11.7126
1 4 15.7246
1 5 18.5123
1 6 19.1662
1 7 20.0167
1 8 20.5384
1 9 20.9980
1 10 21.5200
1 11 21.9519
1 12 21.9476
1 13 22.1800
1 14 22.4127
1 15 22.5416
1 16 22.6946
1 17 23.3279
1 18 24.0952
1 19 24.5206
1 20 24.8194
1 21 25.3569
1 22 25.4263
1 23 26.0970
1 24 26.1507
1 25 26.8159
1 26 26.8281
1 27 27.1171
1 28 27.2880
1 29 27.2099
1 30 27.1639
1 31 27.6121
1 32 27.5022
1 33 27.8708
1 34 27.6977
1 35 27.8526
1 36 27.9995
1 37 28.0917
1 38 28.4198
1 39 28.6316
1 40 28.6867
1 41 29.1207
1 42 29.0130
1 43 29.1171
1 44 29.3725
1 45 29.5766
1 46 29.9867
1 47 30.1688
1 48 30.5778
1 49 30.7074
1 50 30.7190
1 51 31.2215
1 52 30.9640
1 53 30.9202
1 54 30.9124
1 55 30.6985
1 56 30.7389
1 57 30.2576
1 58 30.7506
1 59 30.4890
1 60 30.8381
2 1 11.7126
2 2 6.0514
2 5 12.8495
2 6 16.5536
2 7 18.8229
2 8 19.6197
2 9 20.2092
2 10 20.7313
2 11 21.1631
2 12 21.1588
2 13 21.3912
2 14 21.6637
2 15 21.7925
2 16 21.9455
2 17 22.5789
2 18 23.3461
2 19 23.7716
2 20 24.0704
2 21 24.6078
2 22 24.6825
2 23 25.3532
2 24 25.4069
2 25 26.1886
2 26 26.2024
2 27 26.4914
2 28 26.7394
2 29 26.6831
2 30 26.6371
2 31 27.1235
2 32 27.0198
2 33 27.3884
2 34 27.2153
2 35 27.3701
2 36 27.5171
2 37 27.6093
2 38 27.9374
2 39 28.1492
2 40 28.2043
2 41 28.6383
2 42 28.5306
2 43 28.6347
2 44 28.8901
2 45 29.0941
2 46 29.5043
2 47 29.6864
2 48 30.0954
2 49 30.2250
2 50 30.2366
2 51 30.7391
2 52 30.4815
2 53 30.4378
2 54 30.4300
2 55 30.2161
2 56 30.2565
2 57 29.7752
2 58 30.2682
2 59 30.0066
2 60 30.3557
3 1 18.5123
3 2 16.6552
3 3 12.8495
3 4 7.1009
3 6 6.8613
3 7 13.2301
3 8 16.8177
3 9 18.7755
3 10 19.8902
3 11 20.9131
3 12 20.9289
3 13 21.1710
3 14 21.4675
3 15 21.6216
3 16 21.7746
3 17 22.4079
3 18 23.1752
3 19 23.6006
3 20 23.8994
3 21 24.4369
3 22 24.5115
3 23 25.1823
3 24 25.2359
3 25 26.0177
3 26 26.0315
3 27 26.3204
3 28 26.5685
3 29 26.6198
3 30 26.6392
3 31 27.1257
3 32 27.0814
3 33 27.4500
3 34 27.2769
3 35 27.4317
3 36 27.5787
3 37 27.6709
3 38 27.9990
3 39 28.2108
3 40 28.2659
3 41 28.6999
3 42 28.5922
3 43 28.6963
3 44 28.9517
3 45 29.1557
3 46 29.5659
3 47 29.7480
3 48 30.1570
3 49 30.2866
3 50 30.2982
3 51 30.8007
3 52 30.5431
3 53 30.4994
3 54 30.4916
3 55 30.2777
3 56 30.3181
3 57 29.8368
3 58 30.3298
3 59 30.0682
3 60 30.4173
4 1 20.0167
4 2 19.7686
4 3 18.8229
4 4 16.7370
4 5 13.2301
4 6 6.3688
4 8 6.5922
4 9 13.1130
4 10 17.0236
4 11 18.4884
4 12 19.3757
4 13 19.7456
4 14 20.0526
4 15 20.3083
4 16 20.6584
4 17 21.4919
4 18 22.3083
4 19 22.7440
4 20 23.0429
4 21 23.5803
4 22 23.6550
4 23 24.3257
4 24 24.3794
4 25 25.1611
4 26 25.1749
4 27 25.4638
4 28 25.7119
4 29 25.7633
4 30 25.7827
4 31 26.2691
4 32 26.3470
4 33 26.7561
4 34 26.7072
4 35 26.8621
4 36 27.0220
4 37 27.1238
4 38 27.4519
4 39 27.6637
4 40 27.7187
4 41 28.1528
4 42 28.0451
4 43 28.1492
4 44 28.4046
4 45 28.6086
4 46 29.0188
4 47 29.2009
4 48 29.6099
4 49 29.7395
4 50 29.7511
4 51 30.2536
4 52 29.9960
4 53 29.9522
4 54 29.9445
4 55 29.7306
4 56 29.7710
4 57 29.2896
4 58 29.7826
4 59 29.5210
4 60 29.8702
5 1 20.9980
5 2 20.8310
5 3 20.2092
5 4 19.4845
5 5 18.7755
5 6 17.3875
5 7 13.1130
5 8 6.5207
5 10 6.8855
5 11 13.7756
5 12 16.8906
5 13 18.4347
5 14 19.4899
5 15 19.7455
5 16 20.0956
5 17 20.9946
5 18 21.8383
5 19 22.2961
5 20 22.5993
5 21 23.1879
5 22 23.3418
5 23 24.0125
5 24 24.0662
5 25 24.8479
5 26 24.8630
5 27 25.1520
5 28 25.4001
5 29 25.4514
5 30 25.4708
5 31 25.9573
5 32 26.0351
5 33 26.4749
5 34 26.4724
5 35 26.6354
5 36 26.7954
5 37 26.9037
5 38 27.2350
5 39 27.4468
5 40 27.5019
5 41 27.9360
5 42 27.8282
5 43 27.9323
5 44 28.1877
5 45 28.3918
5 46 28.8019
5 47 28.9840
5 48 29.3930
5 49 29.5227
5 50 29.5342
5 51 30.0367
5 52 29.7792
5 53 29.7354
5 54 29.7277
5 55 29.5137
5 56 29.5541
5 57 29.0728
5 58 29.5658
5 59 29.3042
5 60 29.6534
6 1 21.9519
6 2 21.7849
6 3 21.1631
6 4 21.2663
6 5 20.9131
6 6 20.3090
6 7 18.4884
6 8 17.4964
6 9 13.7756
6 10 7.1906
6 12 6.7234
6 13 13.3374
6 14 17.5178
6 15 18.6524
6 16 19.3503
6 17 20.3885
6 18 21.2800
6 19 21.7378
6 20 22.0410
6 21 22.6367
6 22 22.8156
6 23 23.4863
6 24 23.5400
6 25 24.3217
6 26 24.3396
6 27 24.6285
6 28 24.8766
6 29 24.9279
6 30 25.0365
6 31 25.5229
6 32 25.6008
6 33 26.0453
6 34 26.0598
6 35 26.2593
6 36 26.5146
6 37 26.6303
6 38 26.9932
6 39 27.2049
6 40 27.2600
6 41 27.6941
6 42 27.5864
6 43 27.6904
6 44 27.9458
6 45 28.1499
6 46 28.5601
6 47 28.7421
6 48 29.1512
6 49 29.2808
6 50 29.2923
6 51 29.7948
6 52 29.5373
6 53 29.4935
6 54 29.4858
6 55 29.2718
6 56 29.3122
6 57 28.8309
6 58 29.3239
6 59 29.0623
6 60 29.4115
7 1 22.1800
7 2 22.0130
7 3 21.3912
7 4 21.4944
7 5 21.1710
7 6 20.8267
7 7 19.7456
7 8 19.5170
7 9 18.4347
7 10 17.4615
7 11 13.3374
7 12 6.6140
7 14 6.6535
7 15 13.0546
7 16 16.5506
7 17 18.4192
7 18 19.5055
7 19 20.2844
7 20 20.5956
7 21 21.1914
7 22 21.4300
7 23 22.2511
7 24 22.3528
7 25 23.1388
7 26 23.2735
7 27 23.5625
7 28 23.8106
7 29 23.8619
7 30 24.0207
7 31 24.5072
7 32 24.5850
7 33 25.0296
7 34 25.0440
7 35 25.2435
7 36 25.5085
7 37 25.6338
7 38 26.0158
7 39 26.2787
7 40 26.3614
7 41 26.7955
7 42 26.7077
7 43 26.8147
7 44 27.0700
7 45 27.2741
7 46 27.6843
7 47 27.8664
7 48 28.2754
7 49 28.4050
7 50 28.4166
7 51 28.9191
7 52 28.6615
7 53 28.6177
7 54 28.6100
7 55 28.3961
7 56 28.4365
7 57 27.9551
7 58 28.4481
7 59 28.1865
7 60 28.5357
8 1 22.5416
8 2 22.3830
8 3 21.7925
8 4 21.8957
8 5 21.6216
8 6 21.3894
8 7 20.3083
8 8 20.0797
8 9 19.7455
8 10 19.3938
8 11 18.6524
8 12 16.4123
8 13 13.0546
8 14 6.7680
8 16 6.4292
8 17 13.4900
8 18 17.0757
8 19 18.8597
8 20 19.5402
8 21 20.5152
8 22 20.7539
8 23 21.5865
8 24 21.6896
8 25 22.4883
8 26 22.6414
8 27 22.9304
8 28 23.1784
8 29 23.2298
8 30 23.3982
8 31 23.8847
8 32 23.9625
8 33 24.4070
8 34 24.4215
8 35 24.6210
8 36 24.9124
8 37 25.0377
8 38 25.4770
8 39 25.7400
8 40 25.8612
8 41 26.2953
8 42 26.2075
8 43 26.3364
8 44 26.5917
8 45 26.7958
8 46 27.2060
8 47 27.3881
8 48 27.7971
8 49 27.9267
8 50 27.9383
8 51 28.4408
8 52 28.1832
8 53 28.1454
8 54 28.1516
8 55 27.9509
8 56 27.9913
8 57 27.5099
8 58 28.0029
8 59 27.7413
8 60 28.0905
9 1 23.3279
9 2 23.1694
9 3 22.5789
9 4 22.6821
9 5 22.4079
9 6 22.4657
9 7 21.4919
9 8 21.3035
9 9 20.9946
9 10 20.6549
9 11 20.3885
9 12 19.5045
9 13 18.4192
9 14 16.2090
9 15 13.4900
9 16 7.0608
9 18 7.4509
9 19 14.0140
9 20 17.6065
9 21 19.6133
9 22 20.0146
9 23 20.8528
9 24 20.9559
9 25 21.8027
9 26 22.0659
9 27 22.3849
9 28 22.6462
9 29 22.7050
9 30 22.9311
9 31 23.4405
9 32 23.5183
9 33 23.9629
9 34 23.9773
9 35 24.1768
9 36 24.4682
9 37 24.5935
9 38 25.0346
9 39 25.3604
9 40 25.5603
9 41 26.0199
9 42 25.9467
9 43 26.1830
9 44 26.4383
9 45 26.6424
9 46 27.0526
9 47 27.2347
9 48 27.6437
9 49 27.7733
9 50 27.7849
9 51 28.2874
9 52 28.0298
9 53 27.9920
9 54 27.9982
9 55 27.7975
9 56 27.8378
9 57 27.3565
9 58 27.8495
9 59 27.5879
9 60 27.9371
10 1 24.5206
10 2 24.3620
10 3 23.7716
10 4 23.8748
10 5 23.6006
10 6 23.6584
10 7 22.7440
10 8 22.5602
10 9 22.2961
10 10 21.9564
10 11 21.7378
10 12 20.9110
10 13 20.2844
10 14 19.4687
10 15 18.8597
10 16 16.9965
10 17 14.0140
10 18 7.4679
10 20 7.2606
10 21 15.0287
10 22 17.9195
10 23 19.6210
10 24 20.2852
10 25 21.2787
10 26 21.8083
10 27 22.1272
10 28 22.3885
10 29 22.4473
10 30 22.6734
10 31 23.2483
10 32 23.3939
10 33 23.8961
10 34 24.0064
10 35 24.2059
10 36 24.4972
10 37 24.6226
10 38 25.0637
10 39 25.3895
10 40 25.6751
10 41 26.1347
10 42 26.0615
10 43 26.4102
10 44 26.8296
10 45 27.0451
10 46 27.4553
10 47 27.6374
10 48 28.0464
10 49 28.1760
10 50 28.1875
10 51 28.6901
10 52 28.4325
10 53 28.3947
10 54 28.4009
10 55 28.2001
10 56 28.2405
10 57 27.7592
10 58 28.2522
10 59 27.9906
10 60 28.3398
11 1 25.3569
11 2 25.1983
11 3 24.6078
11 4 24.7110
11 5 24.4369
11 6 24.4946
11 7 23.5803
11 8 23.3965
11 9 23.1879
11 10 22.8553
11 11 22.6367
11 12 21.8099
11 13 21.1914
11 14 20.7572
11 15 20.5152
11 16 20.0110
11 17 19.6133
11 18 17.7847
11 19 15.0287
11 20 7.7681
11 22 7.5522
11 23 15.3158
11 24 17.8400
11 25 19.8871
11 26 20.5899
11 27 21.3356
11 28 21.9264
11 29 22.0148
11 30 22.2409
11 31 22.8158
11 32 22.9613
11 33 23.4636
11 34 23.5866
11 35 23.7862
11 36 24.0775
11 37 24.2028
11 38 24.6439
11 39 24.9697
11 40 25.2554
11 41 25.7150
11 42 25.6418
11 43 25.9905
11 44 26.4390
11 45 26.7084
11 46 27.2444
11 47 27.5088
11 48 27.9618
11 49 28.1671
11 50 28.1787
11 51 28.6812
11 52 28.4237
11 53 28.3859
11 54 28.3921
11 55 28.1913
11 56 28.2317
11 57 27.7504
11 58 28.2434
11 59 27.9818
11 60 28.3309
12 1 26.0970
12 2 25.9437
12 3 25.3532
12 4 25.4564
12 5 25.1823
12 6 25.2400
12 7 24.3257
12 8 24.1419
12 9 24.0125
12 10 23.7049
12 11 23.4863
12 12 22.8696
12 13 22.2511
12 14 21.8170
12 15 21.5865
12 16 21.0822
12 17 20.8528
12 18 20.3673
12 19 19.6210
12 20 18.2629
12 21 15.3158
12 22 7.7637
12 24 7.7546
12 25 14.5411
12 26 17.1716
12 27 19.4593
12 28 20.0501
12 29 20.7433
12 30 21.2821
12 31 21.9792
12 32 22.1247
12 33 22.6270
12 34 22.9316
12 35 23.2843
12 36 23.5757
12 37 23.7010
12 38 24.1421
12 39 24.4679
12 40 24.7535
12 41 25.2131
12 42 25.1399
12 43 25.4886
12 44 25.9423
12 45 26.2128
12 46 26.7488
12 47 27.0132
12 48 27.4662
12 49 27.7442
12 50 27.8024
12 51 28.3049
12 52 28.0474
12 53 28.0297
12 54 28.1224
12 55 27.9286
12 56 27.9690
12 57 27.4876
12 58 27.9806
12 59 27.7190
12 60 28.0682
13 1 26.8159
13 2 26.7791
13 3 26.1886
13 4 26.2918
13 5 26.0177
13 6 26.0754
13 7 25.1611
13 8 24.9772
13 9 24.8479
13 10 24.5403
13 11 24.3217
13 12 23.7573
13 13 23.1388
13 14 22.7046
13 15 22.4883
13 16 22.0264
13 17 21.8027
13 18 21.6758
13 19 21.2787
13 20 20.6511
13 21 19.8871
13 22 17.4436
13 23 14.5411
13 24 7.4115
13 26 8.1358
13 27 13.9651
13 28 16.7760
13 29 18.6826
13 30 19.3468
13 31 20.3664
13 32 20.9145
13 33 21.4168
13 34 21.7214
13 35 22.1463
13 36 22.5418
13 37 22.6671
13 38 23.1082
13 39 23.4340
13 40 23.7271
13 41 24.1867
13 42 24.1135
13 43 24.4622
13 44 24.9159
13 45 25.2179
13 46 25.7686
13 47 26.0330
13 48 26.5122
13 49 26.8344
13 50 27.0092
13 51 27.5804
13 52 27.3229
13 53 27.3052
13 54 27.3979
13 55 27.2381
13 56 27.3091
13 57 26.8455
13 58 27.3625
13 59 27.1009
13 60 27.4501
14 1 27.1171
14 2 27.0818
14 3 26.4914
14 4 26.5946
14 5 26.3204
14 6 26.3782
14 7 25.4638
14 8 25.2800
14 9 25.1520
14 10 24.8471
14 11 24.6285
14 12 24.1027
14 13 23.5625
14 14 23.1367
14 15 22.9304
14 16 22.4854
14 17 22.3849
14 18 22.2579
14 19 22.1272
14 20 21.9012
14 21 21.3356
14 22 20.0092
14 23 19.4593
14 24 17.3826
14 25 13.9651
14 26 7.5734
14 28 7.7240
14 29 14.0647
14 30 16.8278
14 31 18.4557
14 32 19.4417
14 33 20.3608
14 34 20.6654
14 35 21.0904
14 36 21.5068
14 37 21.6322
14 38 22.0733
14 39 22.3991
14 40 22.7063
14 41 23.1659
14 42 23.0928
14 43 23.4415
14 44 23.9015
14 45 24.2254
14 46 24.7806
14 47 25.0449
14 48 25.5241
14 49 25.8463
14 50 26.0211
14 51 26.6024
14 52 26.5020
14 53 26.4844
14 54 26.5771
14 55 26.4173
14 56 26.4883
14 57 26.0246
14 58 26.5416
14 59 26.2801
14 60 26.6292
15 1 27.2099
15 2 27.2500
15 3 26.6831
15 4 26.8940
15 5 26.6198
15 6 26.6776
15 7 25.7633
15 8 25.5794
15 9 25.4514
15 10 25.1465
15 11 24.9279
15 12 24.4021
15 13 23.8619
15 14 23.4361
15 15 23.2298
15 16 22.7849
15 17 22.7050
15 18 22.5780
15 19 22.4473
15 20 22.2214
15 21 22.0148
15 22 21.2933
15 23 20.7433
15 24 19.7699
15 25 18.6826
15 26 16.8016
15 27 14.0647
15 28 6.9009
15 30 7.4223
15 31 13.3961
15 32 16.6953
15 33 18.3220
15 34 19.0885
15 35 19.5716
15 36 20.2378
15 37 20.4050
15 38 20.8461
15 39 21.1719
15 40 21.4791
15 41 21.9387
15 42 21.8656
15 43 22.2143
15 44 22.6743
15 45 22.9982
15 46 23.5534
15 47 23.8178
15 48 24.2970
15 49 24.6192
15 50 24.7939
15 51 25.3753
15 52 25.3175
15 53 25.2998
15 54 25.3925
15 55 25.2352
15 56 25.3350
15 57 24.8714
15 58 25.3884
15 59 25.1268
15 60 25.4760
16 1 27.6121
16 2 27.6854
16 3 27.1235
16 4 27.3626
16 5 27.1257
16 6 27.1834
16 7 26.2691
16 8 26.0853
16 9 25.9573
16 10 25.7367
16 11 25.5229
16 12 24.9971
16 13 24.5072
16 14 24.0814
16 15 23.8847
16 16 23.4397
16 17 23.4405
16 18 23.3791
16 19 23.2483
16 20 23.0224
16 21 22.8158
16 22 22.3640
16 23 21.9792
16 24 21.1643
16 25 20.3664
16 26 19.4476
16 27 18.4557
16 28 16.0817
16 29 13.3961
16 30 6.7200
16 32 7.4221
16 33 13.4589
16 34 16.2860
16 35 17.5913
16 36 18.8256
16 37 19.3861
16 38 20.1305
16 39 20.4563
16 40 20.7669
16 41 21.2265
16 42 21.1534
16 43 21.5021
16 44 21.9621
16 45 22.2860
16 46 22.8412
16 47 23.1056
16 48 23.5848
16 49 23.9070
16 50 24.0817
16 51 24.6631
16 52 24.6053
16 53 24.5876
16 54 24.6803
16 55 24.5230
16 56 24.6228
16 57 24.1592
16 58 24.6762
16 59 24.4146
16 60 24.7638
17 1 27.8708
17 2 27.9441
17 3 27.3884
17 4 27.6275
17 5 27.4500
17 6 27.5613
17 7 26.7561
17 8 26.6029
17 9 26.4749
17 10 26.2591
17 11 26.0453
17 12 25.5195
17 13 25.0296
17 14 24.6037
17 15 24.4070
17 16 23.9621
17 17 23.9629
17 18 24.0268
17 19 23.8961
17 20 23.6701
17 21 23.4636
17 22 23.0117
17 23 22.6270
17 24 21.8120
17 25 21.4168
17 26 20.7462
17 27 20.3608
17 28 19.4329
17 29 18.3220
17 30 16.1719
17 31 13.4589
17 32 7.6343
17 34 7.3524
17 35 13.3574
17 36 15.6379
17 37 17.4975
17 38 18.3003
17 39 19.2218
17 40 19.6933
17 41 20.3380
17 42 20.3178
17 43 20.6665
17 44 21.1266
17 45 21.4630
17 46 22.0301
17 47 22.2956
17 48 22.7748
17 49 23.0970
17 50 23.2717
17 51 23.8531
17 52 23.8639
17 53 23.9421
17 54 24.0348
17 55 23.8774
17 56 23.9773
17 57 23.5136
17 58 24.0306
17 59 23.7690
17 60 24.1182
18 1 27.8526
18 2 27.9258
18 3 27.3701
18 4 27.6092
18 5 27.4317
18 6 27.6381
18 7 26.8621
18 8 26.7319
18 9 26.6354
18 10 26.4731
18 11 26.2593
18 12 25.7335
18 13 25.2435
18 14 24.8177
18 15 24.6210
18 16 24.1761
18 17 24.1768
18 18 24.3366
18 19 24.2059
18 20 23.9799
18 21 23.7862
18 22 23.3634
18 23 23.2843
18 24 22.5340
18 25 22.1463
18 26 21.4758
18 27 21.0904
18 28 20.3665
18 29 19.5716
18 30 18.4900
18 31 17.5913
18 32 15.7970
18 33 13.3574
18 34 7.5694
18 36 7.7317
18 37 13.5643
18 38 16.0814
18 39 17.5170
18 40 18.3567
18 41 19.0014
18 42 19.3677
18 43 19.9938
18 44 20.4798
18 45 20.8162
18 46 21.3834
18 47 21.6504
18 48 22.1296
18 49 22.4629
18 50 22.6376
18 51 23.2190
18 52 23.2298
18 53 23.3425
18 54 23.4798
18 55 23.3251
18 56 23.4658
18 57 23.0022
18 58 23.5192
18 59 23.2576
18 60 23.6068
19 1 28.0917
19 2 28.1650
19 3 27.6093
19 4 27.8484
19 5 27.6709
19 6 27.8773
19 7 27.1238
19 8 27.0002
19 9 26.9037
19 10 26.7725
19 11 26.6303
19 12 26.1141
19 13 25.6338
19 14 25.2344
19 15 25.0377
19 16 24.5928
19 17 24.5935
19 18 24.7533
19 19 24.6226
19 20 24.3966
19 21 24.2028
19 22 23.7801
19 23 23.7010
19 24 22.9507
19 25 22.6671
19 26 22.0117
19 27 21.6322
19 28 20.9433
19 29 20.4050
19 30 19.7167
19 31 19.3861
19 32 18.5375
19 33 17.4975
19 34 15.9583
19 35 13.5643
19 36 7.1915
19 38 7.0825
19 39 13.5646
19 40 16.1083
19 41 17.6424
19 42 18.0192
19 43 18.7008
19 44 19.3477
19 45 19.6841
19 46 20.2767
19 47 20.5528
19 48 21.0320
19 49 21.4283
19 50 21.6829
19 51 22.2642
19 52 22.2751
19 53 22.3877
19 54 22.5533
19 55 22.4124
19 56 22.5814
19 57 22.2236
19 58 22.8724
19 59 22.7356
19 60 23.0848
20 1 28.6316
20 2 28.7048
20 3 28.1492
20 4 28.3882
20 5 28.2108
20 6 28.4171
20 7 27.6637
20 8 27.5433
20 9 27.4468
20 10 27.3406
20 11 27.2049
20 12 26.7445
20 13 26.2787
20 14 25.8833
20 15 25.7400
20 16 25.3597
20 17 25.3604
20 18 25.5202
20 19 25.3895
20 20 25.1635
20 21 24.9697
20 22 24.5470
20 23 24.4679
20 24 23.7176
20 25 23.4340
20 26 22.7786
20 27 22.3991
20 28 21.7102
20 29 21.1719
20 30 20.5299
20 31 20.4563
20 32 19.9182
20 33 19.2218
20 34 18.4619
20 35 17.5170
20 36 16.1749
20 37 13.5646
20 38 7.8939
20 40 8.2116
20 41 13.4510
20 42 15.5106
20 43 17.0082
20 44 18.0174
20 45 18.5439
20 46 19.2400
20 47 19.8301
20 48 20.3577
20 49 20.7540
20 50 21.0086
20 51 21.5899
20 52 21.6008
20 53 21.7134
20 54 21.8790
20 55 21.7381
20 56 21.9071
20 57 21.5493
20 58 22.1981
20 59 22.0729
20 60 22.4221
21 1 29.1207
21 2 29.1940
21 3 28.6383
21 4 28.8774
21 5 28.6999
21 6 28.9063
21 7 28.1528
21 8 28.0325
21 9 27.9360
21 10 27.8297
21 11 27.6941
21 12 27.2336
21 13 26.7955
21 14 26.4238
21 15 26.2953
21 16 26.0192
21 17 26.0199
21 18 26.2654
21 19 26.1347
21 20 25.9087
21 21 25.7150
21 22 25.2922
21 23 25.2131
21 24 24.4628
21 25 24.1867
21 26 23.5454
21 27 23.1659
21 28 22.4770
21 29 21.9387
21 30 21.2967
21 31 21.2265
21 32 20.7106
21 33 20.3380
21 34 19.5781
21 35 19.0014
21 36 18.3149
21 37 17.6424
21 38 15.8913
21 39 13.4510
21 40 7.5277
21 42 7.3921
21 43 12.9067
21 44 15.5814
21 45 17.1627
21 46 18.2666
21 47 18.8567
21 48 19.5193
21 49 20.0160
21 50 20.5277
21 51 21.1491
21 52 21.1599
21 53 21.2726
21 54 21.4381
21 55 21.2972
21 56 21.4662
21 57 21.1084
21 58 21.7572
21 59 21.6350
21 60 21.9841
22 1 29.1171
22 2 29.1904
22 3 28.6347
22 4 28.8738
22 5 28.6963
22 6 28.9026
22 7 28.1492
22 8 28.0288
22 9 27.9323
22 10 27.8261
22 11 27.6904
22 12 27.2300
22 13 26.8147
22 14 26.4649
22 15 26.3364
22 16 26.1051
22 17 26.1830
22 18 26.5409
22 19 26.4102
22 20 26.1843
22 21 25.9905
22 22 25.5677
22 23 25.4886
22 24 24.7383
22 25 24.4622
22 26 23.8210
22 27 23.4415
22 28 22.7526
22 29 22.2143
22 30 21.5723
22 31 21.5021
22 32 20.9861
22 33 20.6665
22 34 20.1958
22 35 19.9938
22 36 19.3073
22 37 18.7008
22 38 18.0234
22 39 17.0082
22 40 15.6625
22 41 12.9067
22 42 6.5323
22 44 7.5057
22 45 12.7470
22 46 15.6206
22 47 16.7627
22 48 17.9055
22 49 18.4494
22 50 18.9612
22 51 19.7882
22 52 19.8682
22 53 20.0342
22 54 20.2301
22 55 20.0990
22 56 20.2680
22 57 19.9102
22 58 20.5591
22 59 20.4564
22 60 20.8056
23 1 29.5766
23 2 29.6498
23 3 29.0941
23 4 29.3332
23 5 29.1557
23 6 29.3621
23 7 28.6086
23 8 28.4883
23 9 28.3918
23 10 28.2855
23 11 28.1499
23 12 27.6894
23 13 27.2741
23 14 26.9244
23 15 26.7958
23 16 26.5646
23 17 26.6424
23 18 27.0010
23 19 27.0451
23 20 26.9021
23 21 26.7084
23 22 26.2856
23 23 26.2128
23 24 25.4940
23 25 25.2179
23 26 24.6010
23 27 24.2254
23 28 23.5365
23 29 22.9982
23 30 22.3562
23 31 22.2860
23 32 21.7701
23 33 21.4630
23 34 20.9923
23 35 20.8162
23 36 20.2373
23 37 19.6841
23 38 19.2290
23 39 18.5439
23 40 17.9248
23 41 17.1627
23 42 15.4187
23 43 12.7470
23 44 7.5384
23 46 6.7919
23 47 13.2464
23 48 15.4845
23 49 17.0290
23 50 17.8062
23 51 18.8202
23 52 19.0126
23 53 19.3590
23 54 19.5774
23 55 19.5274
23 56 19.6964
23 57 19.3386
23 58 19.9874
23 59 19.9035
23 60 20.2867
24 1 30.1688
24 2 30.2421
24 3 29.6864
24 4 29.9255
24 5 29.7480
24 6 29.9543
24 7 29.2009
24 8 29.0805
24 9 28.9840
24 10 28.8778
24 11 28.7421
24 12 28.2817
24 13 27.8664
24 14 27.5166
24 15 27.3881
24 16 27.1568
24 17 27.2347
24 18 27.5932
24 19 27.6374
24 20 27.5907
24 21 27.5088
24 22 27.0860
24 23 27.0132
24 24 26.3091
24 25 26.0330
24 26 25.4205
24 27 25.0449
24 28 24.3561
24 29 23.8178
24 30 23.1757
24 31 23.1056
24 32 22.5896
24 33 22.2956
24 34 21.8265
24 35 21.6504
24 36 21.1060
24 37 20.5528
24 38 20.0977
24 39 19.8301
24 40 19.2110
24 41 18.8567
24 42 17.7126
24 43 16.7627
24 44 15.3746
24 45 13.2464
24 46 6.9710
24 48 7.2768
24 49 13.1844
24 50 15.8494
24 51 16.9526
24 52 17.5776
24 53 17.9513
24 54 18.4324
24 55 18.6853
24 56 19.0943
24 57 18.7365
24 58 19.3853
24 59 19.3013
24 60 19.6845
25 1 30.7074
25 2 30.7807
25 3 30.2250
25 4 30.4641
25 5 30.2866
25 6 30.4929
25 7 29.7395
25 8 29.6192
25 9 29.5227
25 10 29.4164
25 11 29.2808
25 12 28.8203
25 13 28.4050
25 14 28.0552
25 15 27.9267
25 16 27.6954
25 17 27.7733
25 18 28.1319
25 19 28.1760
25 20 28.1293
25 21 28.1671
25 22 27.8170
25 23 27.7442
25 24 27.1105
25 25 26.8344
25 26 26.2219
25 27 25.8463
25 28 25.1575
25 29 24.6192
25 30 23.9771
25 31 23.9070
25 32 23.3910
25 33 23.0970
25 34 22.6390
25 35 22.4629
25 36 21.9815
25 37 21.4283
25 38 20.9731
25 39 20.7540
25 40 20.3683
25 41 20.0160
25 42 19.0950
25 43 18.4494
25 44 17.9165
25 45 17.0290
25 46 15.6735
25 47 13.1844
25 48 6.8704
25 50 6.8453
25 51 13.5440
25 52 15.3484
25 53 16.4203
25 54 17.1554
25 55 17.4314
25 56 17.9763
25 57 17.8084
25 58 18.6298
25 59 18.5988
25 60 18.9819
26 1 31.2215
26 2 31.2948
26 3 30.7391
26 4 30.9782
26 5 30.8007
26 6 31.0070
26 7 30.2536
26 8 30.1332
26 9 30.0367
26 10 29.9305
26 11 29.7948
26 12 29.3344
26 13 28.9191
26 14 28.5693
26 15 28.4408
26 16 28.2095
26 17 28.2874
26 18 28.6459
26 19 28.6901
26 20 28.6434
26 21 28.6812
26 22 28.3777
26 23 28.3049
26 24 27.8390
26 25 27.5804
26 26 26.9780
26 27 26.6024
26 28 25.9136
26 29 25.3753
26 30 24.7332
26 31 24.6631
26 32 24.1471
26 33 23.8531
26 34 23.3951
26 35 23.2190
26 36 22.7858
26 37 22.2642
26 38 21.8091
26 39 21.5899
26 40 21.2042
26 41 21.1491
26 42 20.4302
26 43 19.7882
26 44 19.3697
26 45 18.8202
26 46 17.7705
26 47 16.9526
26 48 15.7158
26 49 13.5440
26 50 6.6987
26 52 7.0385
26 53 12.9719
26 54 14.9315
26 55 15.9753
26 56 16.8288
26 57 16.7318
26 58 17.5532
26 59 17.7415
26 60 18.1961
27 1 30.9202
27 2 30.9934
27 3 30.4378
27 4 30.6768
27 5 30.4994
27 6 30.7057
27 7 29.9522
27 8 29.8319
27 9 29.7354
27 10 29.6292
27 11 29.4935
27 12 29.0331
27 13 28.6177
27 14 28.2711
27 15 28.1454
27 16 27.9142
27 17 27.9920
27 18 28.3506
27 19 28.3947
27 20 28.3481
27 21 28.3859
27 22 28.0962
27 23 28.0297
27 24 27.5637
27 25 27.3052
27 26 26.7567
27 27 26.4844
27 28 25.8313
27 29 25.2998
27 30 24.6578
27 31 24.5876
27 32 24.2021
27 33 23.9421
27 34 23.5186
27 35 23.3425
27 36 22.9093
27 37 22.3877
27 38 21.9326
27 39 21.7134
27 40 21.3277
27 41 21.2726
27 42 20.5537
27 43 20.0342
27 44 19.6425
27 45 19.3590
27 46 18.7221
27 47 17.9513
27 48 17.4086
27 49 16.4203
27 50 15.0760
27 51 12.9719
27 52 6.0623
27 54 6.4501
27 55 11.2009
27 56 13.1798
27 57 14.0982
27 58 15.4910
27 59 15.7992
27 60 16.6471
28 1 30.6985
28 2 30.7718
28 3 30.2161
28 4 30.4552
28 5 30.2777
28 6 30.4840
28 7 29.7306
28 8 29.6102
28 9 29.5137
28 10 29.4075
28 11 29.2718
28 12 28.8114
28 13 28.3961
28 14 28.0494
28 15 27.9509
28 16 27.7196
28 17 27.7975
28 18 28.1560
28 19 28.2001
28 20 28.1535
28 21 28.1913
28 22 27.9016
28 23 27.9286
28 24 27.4967
28 25 27.2381
28 26 26.6896
28 27 26.4173
28 28 25.7667
28 29 25.2352
28 30 24.5932
28 31 24.5230
28 32 24.1375
28 33 23.8774
28 34 23.4556
28 35 23.3251
28 36 22.8919
28 37 22.4124
28 38 21.9572
28 39 21.7381
28 40 21.3524
28 41 21.2972
28 42 20.5784
28 43 20.0990
28 44 19.7371
28 45 19.5274
28 46 19.1721
28 47 18.6853
28 48 18.1658
28 49 17.4314
28 50 16.6575
28 51 15.9753
28 52 14.0346
28 53 11.2009
28 54 6.0770
28 56 5.4905
28 57 10.4031
28 58 12.3745
28 59 13.3322
28 60 14.6091
29 1 30.2576
29 2 30.3308
29 3 29.7752
29 4 30.0142
29 5 29.8368
29 6 30.0431
29 7 29.2896
29 8 29.1693
29 9 29.0728
29 10 28.9666
29 11 28.8309
29 12 28.3705
29 13 27.9551
29 14 27.6085
29 15 27.5099
29 16 27.2787
29 17 27.3565
29 18 27.7151
29 19 27.7592
29 20 27.7126
29 21 27.7504
29 22 27.4606
29 23 27.4876
29 24 27.0776
29 25 26.8455
29 26 26.2969
29 27 26.0246
29 28 25.4029
29 29 24.8714
29 30 24.2293
29 31 24.1592
29 32 23.7737
29 33 23.5136
29 34 23.0918
29 35 23.0022
29 36 22.6615
29 37 22.2236
29 38 21.7684
29 39 21.5493
29 40 21.1636
29 41 21.1084
29 42 20.3895
29 43 19.9102
29 44 19.5483
29 45 19.3386
29 46 18.9833
29 47 18.7365
29 48 18.5023
29 49 17.8084
29 50 17.0345
29 51 16.7318
29 52 15.3944
29 53 14.0982
29 54 12.9596
29 55 10.4031
29 56 5.6759
29 58 4.7850
29 59 9.0577
29 60 11.9747
30 1 30.4890
30 2 30.5622
30 3 30.0066
30 4 30.2456
30 5 30.0682
30 6 30.2745
30 7 29.5210
30 8 29.4007
30 9 29.3042
30 10 29.1980
30 11 29.0623
30 12 28.6019
30 13 28.1865
30 14 27.8399
30 15 27.7413
30 16 27.5101
30 17 27.5879
30 18 27.9465
30 19 27.9906
30 20 27.9440
30 21 27.9818
30 22 27.6920
30 23 27.7190
30 24 27.3269
30 25 27.1009
30 26 26.5524
30 27 26.2801
30 28 25.6583
30 29 25.1268
30 30 24.4848
30 31 24.4146
30 32 24.0291
30 33 23.7690
30 34 23.3472
30 35 23.2576
30 36 22.9169
30 37 22.7356
30 38 22.2921
30 39 22.0729
30 40 21.6872
30 41 21.6350
30 42 20.9221
30 43 20.4564
30 44 20.1131
30 45 19.9035
30 46 19.5481
30 47 19.3013
30 48 19.0715
30 49 18.5988
30 50 17.9443
30 51 17.7415
30 52 16.8130
30 53 15.7992
30 54 14.8862
30 55 13.3322
30 56 12.0810
30 57 9.0577
30 58 4.2727
30 60 5.5224
31 1 30.8344
31 2 30.9077
31 3 30.3520
31 4 30.5911
31 5 30.4136
31 6 30.6199
31 7 29.8665
31 8 29.7461
31 9 29.6496
31 10 29.5434
31 11 29.4077
31 12 28.9473
31 13 28.5320
31 14 28.1853
31 15 28.0868
31 16 27.8555
31 17 27.9333
31 18 28.2919
31 19 28.3360
31 20 28.2894
31 21 28.3272
31 22 28.0375
31 23 28.0645
31 24 27.6724
31 25 27.4463
31 26 26.8978
31 27 26.6255
31 28 26.0037
31 29 25.4722
31 30 24.8302
31 31 24.7600
31 32 24.3746
31 33 24.1145
31 34 23.6926
31 35 23.6030
31 36 23.2624
31 37 23.0811
31 38 22.6375
31 39 22.4183
31 40 22.0327
31 41 21.9804
31 42 21.2676
31 43 20.8019
31 44 20.5267
31 45 20.3170
31 46 19.9617
31 47 19.7148
31 48 19.4851
31 49 19.0123
31 50 18.3578
31 51 18.2265
31 52 17.5856
31 53 16.7798
31 54 16.0256
31 55 14.8853
31 56 14.0545
31 57 12.7956
31 58 11.2906
31 59 8.2695
31 60 4.3676
