1 1 -0.00017 -0.00067 0.00033
1 2 0.00612 0.00562 0.00662
1 3 0.01212 0.01162 0.01262
1 4 0.01562 0.01462 0.01662
1 5 0.01887 0.01837 0.01937
1 6 0.02012 0.01912 0.02112
1 7 0.02012 0.01912 0.02112
1 8 0.01937 0.01787 0.02087
1 9 0.02112 0.01987 0.02237
1 10 0.01937 0.01662 0.02212
1 11 0.02062 0.01787 0.02337
1 12 0.02162 0.01987 0.02337
1 13 0.02087 0.01812 0.02362
1 14 0.02012 0.01787 0.02237
1 15 0.02087 0.01912 0.02262
1 16 0.02087 0.01912 0.02262
1 17 0.02237 0.02112 0.02362
1 18 0.02287 0.02212 0.02362
1 19 0.02412 0.02287 0.02537
1 20 0.02462 0.02362 0.02562
1 21 0.02537 0.02437 0.02637
1 22 0.02537 0.02437 0.02637
1 23 0.02562 0.02437 0.02687
1 24 0.02512 0.02387 0.02637
1 25 0.02637 0.02537 0.02737
1 26 0.02587 0.02387 0.02787
1 27 0.02637 0.02462 0.02812
1 28 0.02687 0.02562 0.02812
1 29 0.02635 0.02558 0.02712
1 30 0.02612 0.02512 0.02712
1 31 0.02687 0.02537 0.02837
1 32 0.02612 0.02437 0.02787
1 33 0.02612 0.02512 0.02712
1 34 0.02662 0.02512 0.02812
1 35 0.02687 0.02537 0.02837
1 36 0.02712 0.02612 0.02812
1 37 0.02762 0.02637 0.02887
1 38 0.02787 0.02662 0.02912
1 39 0.02837 0.02712 0.02962
1 40 0.02812 0.02662 0.02962
1 41 0.02937 0.02812 0.03062
1 42 0.02962 0.02887 0.03037
1 43 0.02962 0.02862 0.03062
1 44 0.02962 0.02787 0.03137
1 45 0.02937 0.02837 0.03037
1 46 0.02987 0.02887 0.03087
1 47 0.02962 0.02862 0.03062
1 48 0.03087 0.02887 0.03287
1 49 0.03087 0.02962 0.03212
1 50 0.03037 0.02937 0.03137
1 51 0.03087 0.02937 0.03237
1 52 0.03037 0.02937 0.03137
1 53 0.03112 0.03012 0.03212
1 54 0.03162 0.03087 0.03237
1 55 0.03162 0.02937 0.03387
1 56 0.03162 0.03012 0.03312
1 57 0.03212 0.03087 0.03337
1 58 0.03237 0.03087 0.03387
1 59 0.03212 0.03037 0.03387
1 60 0.03187 0.03012 0.03362
2 1 0.01229 0.01179 0.01279
2 2 0.00654 0.00604 0.00704
2 3 -0.00006 -0.00056 0.00044
2 5 0.01354 0.01304 0.01404
2 6 0.01654 0.01604 0.01704
2 7 0.01879 0.01829 0.01929
2 8 0.02029 0.01979 0.02079
2 9 0.02029 0.01804 0.02254
2 10 0.02079 0.01904 0.02254
2 11 0.02179 0.01979 0.02379
2 12 0.02079 0.01779 0.02379
2 13 0.02054 0.01854 0.02254
2 14 0.02254 0.02079 0.02429
2 15 0.02129 0.01929 0.02329
2 16 0.02129 0.01879 0.02379
2 17 0.02129 0.01929 0.02329
2 18 0.02179 0.01979 0.02379
2 19 0.02279 0.02129 0.02429
2 20 0.02279 0.02079 0.02479
2 21 0.02429 0.02279 0.02579
2 22 0.02479 0.02379 0.02579
2 23 0.02479 0.02404 0.02554
2 24 0.02629 0.02529 0.02729
2 25 0.02554 0.02404 0.02704
2 26 0.02604 0.02504 0.02704
2 27 0.02604 0.02479 0.02729
2 28 0.02654 0.02529 0.02779
2 29 0.02679 0.02554 0.02804
2 30 0.02704 0.02604 0.02804
2 31 0.02704 0.02604 0.02804
2 32 0.02679 0.02579 0.02779
2 33 0.02704 0.02579 0.02829
2 34 0.02704 0.02604 0.02804
2 35 0.02604 0.02454 0.02754
2 36 0.02704 0.02554 0.02854
2 37 0.02729 0.02579 0.02879
2 38 0.02729 0.02604 0.02854
2 39 0.02729 0.02579 0.02879
2 40 0.02729 0.02579 0.02879
2 41 0.02754 0.02629 0.02879
2 42 0.02754 0.02629 0.02879
2 43 0.02779 0.02679 0.02879
2 44 0.02854 0.02704 0.03004
2 45 0.02879 0.02829 0.02929
2 46 0.02904 0.02729 0.03079
2 47 0.02904 0.02804 0.03004
2 48 0.02904 0.02704 0.03104
2 49 0.02929 0.02829 0.03029
2 50 0.02954 0.02804 0.03104
2 51 0.03029 0.02904 0.03154
2 52 0.03004 0.02929 0.03079
2 53 0.03029 0.02929 0.03129
2 54 0.03029 0.02879 0.03179
2 55 0.03054 0.02854 0.03254
2 56 0.03104 0.02954 0.03254
2 57 0.03104 0.02954 0.03254
2 58 0.03154 0.02979 0.03329
2 59 0.03079 0.02929 0.03229
2 60 0.03104 0.02954 0.03254
3 1 0.01918 0.01868 0.01968
3 2 0.01643 0.01593 0.01693
3 3 0.01393 0.01343 0.01443
3 4 0.00743 0.00693 0.00793
3 5 -0.00017 -0.00067 0.00033
3 6 0.00718 0.00668 0.00768
3 7 0.01343 0.01293 0.01393
3 8 0.01718 0.01668 0.01768
3 9 0.01918 0.01868 0.01968
3 10 0.01993 0.01943 0.02043
3 11 0.02068 0.02018 0.02118
3 12 0.02043 0.01993 0.02093
3 13 0.02193 0.02068 0.02318
3 14 0.02118 0.01893 0.02343
3 15 0.02168 0.01968 0.02368
3 16 0.02343 0.02093 0.02593
3 17 0.02193 0.02068 0.02318
3 18 0.02168 0.01843 0.02493
3 19 0.02218 0.02068 0.02368
3 20 0.02218 0.02018 0.02418
3 21 0.02343 0.02243 0.02443
3 22 0.02318 0.02218 0.02418
3 23 0.02468 0.02418 0.02518
3 24 0.02518 0.02468 0.02568
3 25 0.02593 0.02543 0.02643
3 26 0.02643 0.02543 0.02743
3 27 0.02618 0.02543 0.02693
3 28 0.02643 0.02568 0.02718
3 29 0.02668 0.02568 0.02768
3 30 0.02668 0.02543 0.02793
3 31 0.02643 0.02518 0.02768
3 32 0.02693 0.02643 0.02743
3 33 0.02668 0.02543 0.02793
3 34 0.02643 0.02518 0.02768
3 35 0.02668 0.02568 0.02768
3 36 0.02668 0.02568 0.02768
3 37 0.02693 0.02593 0.02793
3 38 0.02768 0.02693 0.02843
3 39 0.02743 0.02643 0.02843
3 40 0.02843 0.02743 0.02943
3 41 0.02843 0.02743 0.02943
3 42 0.02818 0.02643 0.02993
3 43 0.02843 0.02718 0.02968
3 44 0.02868 0.02718 0.03018
3 45 0.02918 0.02818 0.03018
3 46 0.02943 0.02818 0.03068
3 47 0.02993 0.02868 0.03118
3 48 0.03018 0.02768 0.03268
3 49 0.02968 0.02868 0.03068
3 50 0.02943 0.02793 0.03093
3 51 0.02943 0.02818 0.03068
3 52 0.02993 0.02868 0.03118
3 53 0.03043 0.02943 0.03143
3 54 0.03093 0.02968 0.03218
3 55 0.03068 0.02918 0.03218
3 56 0.03068 0.02993 0.03143
3 57 0.03093 0.02943 0.03243
3 58 0.03118 0.02993 0.03243
3 59 0.03118 0.02993 0.03243
3 60 0.03068 0.02893 0.03243
4 1 0.01994 0.01944 0.02044
4 2 0.02019 0.01944 0.02094
4 3 0.01894 0.01819 0.01969
4 4 0.01669 0.01619 0.01719
4 5 0.01344 0.01244 0.01444
4 6 0.00669 0.00594 0.00744
4 7 -0.00006 -0.00056 0.00044
4 8 0.00694 0.00619 0.00769
4 9 0.01344 0.01244 0.01444
4 10 0.01719 0.01644 0.01794
4 11 0.01994 0.01919 0.02069
4 12 0.01969 0.01894 0.02044
4 13 0.01944 0.01869 0.02019
4 14 0.02019 0.01944 0.02094
4 15 0.02094 0.01919 0.02269
4 16 0.01969 0.01869 0.02069
4 17 0.02044 0.01769 0.02319
4 18 0.02244 0.02169 0.02319
4 19 0.02294 0.02194 0.02394
4 20 0.02269 0.02194 0.02344
4 21 0.02219 0.02144 0.02294
4 22 0.02219 0.02019 0.02419
4 23 0.02294 0.02069 0.02519
4 24 0.02394 0.02294 0.02494
4 25 0.02394 0.02319 0.02469
4 26 0.02419 0.02369 0.02469
4 27 0.02469 0.02419 0.02519
4 28 0.02494 0.02394 0.02594
4 29 0.02544 0.02444 0.02644
4 30 0.02544 0.02469 0.02619
4 31 0.02594 0.02444 0.02744
4 32 0.02644 0.02519 0.02769
4 33 0.02669 0.02569 0.02769
4 34 0.02744 0.02619 0.02869
4 35 0.02694 0.02569 0.02819
4 36 0.02719 0.02594 0.02844
4 37 0.02669 0.02494 0.02844
4 38 0.02769 0.02669 0.02869
4 39 0.02769 0.02694 0.02844
4 40 0.02744 0.02644 0.02844
4 41 0.02719 0.02569 0.02869
4 42 0.02769 0.02669 0.02869
4 43 0.02894 0.02794 0.02994
4 44 0.02794 0.02619 0.02969
4 45 0.02844 0.02719 0.02969
4 46 0.02919 0.02844 0.02994
4 47 0.02894 0.02794 0.02994
4 48 0.02894 0.02769 0.03019
4 49 0.02919 0.02769 0.03069
4 50 0.02969 0.02869 0.03069
4 51 0.02969 0.02819 0.03119
4 52 0.03019 0.02819 0.03219
4 53 0.02969 0.02819 0.03119
4 54 0.02944 0.02694 0.03194
4 55 0.02994 0.02869 0.03119
4 56 0.02994 0.02894 0.03094
4 57 0.02969 0.02794 0.03144
4 58 0.02994 0.02894 0.03094
4 59 0.02994 0.02844 0.03144
4 60 0.03019 0.02969 0.03069
5 1 0.02124 0.01974 0.02274
5 2 0.01999 0.01899 0.02099
5 3 0.02024 0.01924 0.02124
5 4 0.01999 0.01899 0.02099
5 5 0.01924 0.01824 0.02024
5 6 0.01724 0.01649 0.01799
5 7 0.01349 0.01174 0.01524
5 8 0.00624 0.00549 0.00699
5 9 0.00027 -0.00023 0.00077
5 10 0.00699 0.00549 0.00849
5 11 0.01474 0.01299 0.01649
5 12 0.01749 0.01674 0.01824
5 13 0.01924 0.01699 0.02149
5 14 0.01949 0.01849 0.02049
5 15 0.01999 0.01899 0.02099
5 16 0.01949 0.01799 0.02099
5 17 0.02074 0.01949 0.02199
5 18 0.02024 0.01924 0.02124
5 19 0.02124 0.01849 0.02399
5 20 0.02274 0.02074 0.02474
5 21 0.02324 0.02174 0.02474
5 22 0.02324 0.02224 0.02424
5 23 0.02324 0.02174 0.02474
5 24 0.02299 0.02199 0.02399
5 25 0.02349 0.02199 0.02499
5 26 0.02424 0.02349 0.02499
5 27 0.02474 0.02349 0.02599
5 28 0.02424 0.02324 0.02524
5 29 0.02524 0.02424 0.02624
5 30 0.02524 0.02399 0.02649
5 31 0.02574 0.02449 0.02699
5 32 0.02574 0.02449 0.02699
5 33 0.02574 0.02474 0.02674
5 34 0.02624 0.02524 0.02724
5 35 0.02649 0.02599 0.02699
5 36 0.02674 0.02524 0.02824
5 37 0.02649 0.02474 0.02824
5 38 0.02674 0.02524 0.02824
5 39 0.02724 0.02599 0.02849
5 40 0.02724 0.02549 0.02899
5 41 0.02724 0.02599 0.02849
5 42 0.02724 0.02524 0.02924
5 43 0.02799 0.02624 0.02974
5 44 0.02824 0.02674 0.02974
5 45 0.02799 0.02649 0.02949
5 46 0.02849 0.02674 0.03024
5 47 0.02824 0.02649 0.02999
5 48 0.02874 0.02699 0.03049
5 49 0.02899 0.02749 0.03049
5 50 0.02949 0.02799 0.03099
5 51 0.02949 0.02774 0.03124
5 52 0.02974 0.02824 0.03124
5 53 0.02949 0.02849 0.03049
5 54 0.02924 0.02699 0.03149
5 55 0.02899 0.02774 0.03024
5 56 0.02949 0.02774 0.03124
5 57 0.02949 0.02824 0.03074
5 58 0.02999 0.02924 0.03074
5 59 0.02974 0.02799 0.03149
5 60 0.02999 0.02924 0.03074
6 1 0.02094 0.01844 0.02344
6 2 0.01994 0.01744 0.02244
6 3 0.02169 0.01994 0.02344
6 4 0.02044 0.01919 0.02169
6 5 0.02069 0.01894 0.02244
6 6 0.02019 0.01919 0.02119
6 7 0.02019 0.01919 0.02119
6 8 0.01769 0.01719 0.01819
6 9 0.01469 0.01419 0.01519
6 10 0.00669 0.00619 0.00719
6 11 0.00016 -0.00084 0.00116
6 12 0.00644 0.00594 0.00694
6 13 0.01369 0.01319 0.01419
6 14 0.01719 0.01594 0.01844
6 15 0.01894 0.01769 0.02019
6 16 0.02019 0.01894 0.02144
6 17 0.02019 0.01894 0.02144
6 18 0.02094 0.01969 0.02219
6 19 0.02194 0.02069 0.02319
6 20 0.02119 0.01994 0.02244
6 21 0.02194 0.01969 0.02419
6 22 0.02269 0.02119 0.02419
6 23 0.02244 0.02144 0.02344
6 24 0.02319 0.02194 0.02444
6 25 0.02394 0.02244 0.02544
6 26 0.02469 0.02419 0.02519
6 27 0.02469 0.02419 0.02519
6 28 0.02444 0.02369 0.02519
6 29 0.02494 0.02419 0.02569
6 30 0.02519 0.02444 0.02594
6 31 0.02569 0.02444 0.02694
6 32 0.02594 0.02469 0.02719
6 33 0.02569 0.02394 0.02744
6 34 0.02519 0.02344 0.02694
6 35 0.02569 0.02444 0.02694
6 36 0.02644 0.02469 0.02819
6 37 0.02644 0.02494 0.02794
6 38 0.02669 0.02519 0.02819
6 39 0.02644 0.02494 0.02794
6 40 0.02669 0.02519 0.02819
6 41 0.02719 0.02569 0.02869
6 42 0.02769 0.02644 0.02894
6 43 0.02744 0.02619 0.02869
6 44 0.02794 0.02619 0.02969
6 45 0.02794 0.02644 0.02944
6 46 0.02894 0.02769 0.03019
6 47 0.02919 0.02819 0.03019
6 48 0.02919 0.02744 0.03094
6 49 0.02894 0.02744 0.03044
6 50 0.02894 0.02744 0.03044
6 51 0.02919 0.02744 0.03094
6 52 0.02919 0.02719 0.03119
6 53 0.02944 0.02769 0.03119
6 54 0.02919 0.02744 0.03094
6 55 0.02919 0.02794 0.03044
6 56 0.02894 0.02719 0.03069
6 57 0.02919 0.02794 0.03044
6 58 0.02944 0.02769 0.03119
6 59 0.02944 0.02794 0.03094
6 60 0.02969 0.02869 0.03069
7 1 0.02227 0.01877 0.02577
7 2 0.02202 0.02127 0.02277
7 3 0.02052 0.01877 0.02227
7 4 0.02102 0.01802 0.02402
7 5 0.02202 0.02077 0.02327
7 6 0.02052 0.01952 0.02152
7 7 0.01952 0.01852 0.02052
7 8 0.01927 0.01827 0.02027
7 9 0.01927 0.01827 0.02027
7 10 0.01702 0.01602 0.01802
7 11 0.01377 0.01252 0.01502
7 12 0.00677 0.00602 0.00752
7 14 0.00652 0.00577 0.00727
7 15 0.01327 0.01177 0.01477
7 16 0.01652 0.01552 0.01752
7 17 0.01852 0.01727 0.01977
7 18 0.02002 0.01927 0.02077
7 19 0.02027 0.01927 0.02127
7 20 0.02077 0.01952 0.02202
7 21 0.02202 0.02127 0.02277
7 22 0.02127 0.02027 0.02227
7 23 0.02127 0.01952 0.02302
7 24 0.02152 0.02002 0.02302
7 25 0.02152 0.02002 0.02302
7 26 0.02227 0.02127 0.02327
7 27 0.02327 0.02177 0.02477
7 28 0.02402 0.02327 0.02477
7 29 0.02327 0.02227 0.02427
7 30 0.02277 0.02152 0.02402
7 31 0.02402 0.02277 0.02527
7 32 0.02402 0.02302 0.02502
7 33 0.02527 0.02327 0.02727
7 34 0.02502 0.02327 0.02677
7 35 0.02502 0.02402 0.02602
7 36 0.02377 0.02227 0.02527
7 37 0.02577 0.02402 0.02752
7 38 0.02627 0.02427 0.02827
7 39 0.02627 0.02427 0.02827
7 40 0.02627 0.02477 0.02777
7 41 0.02677 0.02527 0.02827
7 42 0.02627 0.02477 0.02777
7 43 0.02702 0.02527 0.02877
7 44 0.02752 0.02527 0.02977
7 45 0.02727 0.02552 0.02902
7 46 0.02727 0.02577 0.02877
7 47 0.02652 0.02502 0.02802
7 48 0.02852 0.02727 0.02977
7 49 0.02702 0.02552 0.02852
7 50 0.02852 0.02727 0.02977
7 51 0.02852 0.02677 0.03027
7 52 0.02802 0.02652 0.02952
7 53 0.02802 0.02702 0.02902
7 54 0.02777 0.02627 0.02927
7 55 0.02802 0.02702 0.02902
7 56 0.02902 0.02727 0.03077
7 57 0.02877 0.02777 0.02977
7 58 0.02902 0.02727 0.03077
7 59 0.02877 0.02727 0.03027
7 60 0.02852 0.02702 0.03002
8 1 0.02112 0.01937 0.02287
8 2 0.02087 0.01887 0.02287
8 3 0.02187 0.01912 0.02462
8 4 0.02262 0.02062 0.02462
8 5 0.02187 0.02012 0.02362
8 6 0.02137 0.01912 0.02362
8 7 0.02162 0.01962 0.02362
8 8 0.02012 0.01787 0.02237
8 9 0.01962 0.01862 0.02062
8 10 0.01987 0.01912 0.02062
8 11 0.01912 0.01837 0.01987
8 12 0.01712 0.01637 0.01787
8 13 0.01437 0.01362 0.01512
8 14 0.00687 0.00637 0.00737
8 15 0.00016 -0.00084 0.00116
8 16 0.00737 0.00662 0.00812
8 17 0.01412 0.01312 0.01512
8 18 0.01737 0.01662 0.01812
8 19 0.01937 0.01837 0.02037
8 20 0.02012 0.01937 0.02087
8 21 0.02037 0.01937 0.02137
8 22 0.02062 0.01912 0.02212
8 23 0.02187 0.02037 0.02337
8 24 0.02112 0.01987 0.02237
8 25 0.02112 0.01912 0.02312
8 26 0.02212 0.02037 0.02387
8 27 0.02162 0.01987 0.02337
8 28 0.02287 0.02187 0.02387
8 29 0.02337 0.02262 0.02412
8 30 0.02362 0.02262 0.02462
8 31 0.02337 0.02237 0.02437
8 32 0.02287 0.02137 0.02437
8 33 0.02462 0.02362 0.02562
8 34 0.02362 0.02287 0.02437
8 35 0.02387 0.02187 0.02587
8 36 0.02487 0.02362 0.02612
8 37 0.02462 0.02362 0.02562
8 38 0.02562 0.02362 0.02762
8 39 0.02562 0.02387 0.02737
8 40 0.02512 0.02312 0.02712
8 41 0.02562 0.02387 0.02737
8 42 0.02637 0.02562 0.02712
8 43 0.02612 0.02412 0.02812
8 44 0.02637 0.02487 0.02787
8 45 0.02737 0.02612 0.02862
8 46 0.02662 0.02487 0.02837
8 47 0.02712 0.02537 0.02887
8 48 0.02762 0.02662 0.02862
8 49 0.02762 0.02662 0.02862
8 50 0.02787 0.02687 0.02887
8 51 0.02762 0.02637 0.02887
8 52 0.02737 0.02512 0.02962
8 53 0.02762 0.02587 0.02937
8 54 0.02737 0.02612 0.02862
8 55 0.02737 0.02587 0.02887
8 56 0.02812 0.02637 0.02987
8 57 0.02812 0.02562 0.03062
8 58 0.02837 0.02662 0.03012
8 59 0.02737 0.02662 0.02812
8 60 0.02687 0.02462 0.02912
9 1 0.02193 0.02018 0.02368
9 2 0.02118 0.01893 0.02343
9 3 0.02168 0.01943 0.02393
9 4 0.02143 0.01868 0.02418
9 5 0.02168 0.01943 0.02393
9 6 0.02243 0.02093 0.02393
9 7 0.02093 0.01843 0.02343
9 8 0.02018 0.01893 0.02143
9 9 0.02068 0.01943 0.02193
9 10 0.02068 0.01943 0.02193
9 11 0.01993 0.01868 0.02118
9 12 0.02018 0.01868 0.02168
9 13 0.01843 0.01718 0.01968
9 14 0.01668 0.01593 0.01743
9 15 0.01368 0.01293 0.01443
9 16 0.00718 0.00618 0.00818
9 17 -0.00028 -0.00078 0.00022
9 18 0.00768 0.00693 0.00843
9 19 0.01518 0.01443 0.01593
9 20 0.01793 0.01718 0.01868
9 21 0.01968 0.01843 0.02093
9 22 0.02018 0.01868 0.02168
9 23 0.02018 0.01868 0.02168
9 24 0.02068 0.01968 0.02168
9 25 0.02168 0.02043 0.02293
9 26 0.02218 0.02118 0.02318
9 27 0.02218 0.02018 0.02418
9 28 0.02268 0.02093 0.02443
9 29 0.02118 0.01918 0.02318
9 30 0.02193 0.02118 0.02268
9 31 0.02343 0.02268 0.02418
9 32 0.02393 0.02318 0.02468
9 33 0.02443 0.02368 0.02518
9 34 0.02393 0.02293 0.02493
9 35 0.02393 0.02293 0.02493
9 36 0.02393 0.02268 0.02518
9 37 0.02443 0.02318 0.02568
9 38 0.02493 0.02343 0.02643
9 39 0.02518 0.02368 0.02668
9 40 0.02593 0.02393 0.02793
9 41 0.02643 0.02493 0.02793
9 42 0.02618 0.02493 0.02743
9 43 0.02643 0.02468 0.02818
9 44 0.02618 0.02443 0.02793
9 45 0.02668 0.02543 0.02793
9 46 0.02693 0.02543 0.02843
9 47 0.02693 0.02568 0.02818
9 48 0.02793 0.02743 0.02843
9 49 0.02693 0.02618 0.02768
9 50 0.02768 0.02568 0.02968
9 51 0.02818 0.02693 0.02943
9 52 0.02718 0.02618 0.02818
9 53 0.02668 0.02568 0.02768
9 54 0.02743 0.02543 0.02943
9 55 0.02668 0.02518 0.02818
9 56 0.02693 0.02518 0.02868
9 57 0.02668 0.02518 0.02818
9 58 0.02668 0.02518 0.02818
9 59 0.02668 0.02543 0.02793
9 60 0.02743 0.02618 0.02868
10 1 0.02454 0.02354 0.02554
10 2 0.02379 0.02254 0.02504
10 3 0.02304 0.02129 0.02479
10 4 0.02204 0.01979 0.02429
10 5 0.02254 0.02029 0.02479
10 6 0.02229 0.01879 0.02579
10 7 0.02279 0.02179 0.02379
10 8 0.02254 0.02079 0.02429
10 9 0.02204 0.01929 0.02479
10 10 0.02079 0.01929 0.02229
10 11 0.02204 0.02104 0.02304
10 12 0.02104 0.02029 0.02179
10 13 0.02054 0.01979 0.02129
10 14 0.02004 0.01929 0.02079
10 15 0.01929 0.01854 0.02004
10 16 0.01754 0.01654 0.01854
10 17 0.01529 0.01454 0.01604
10 18 0.00754 0.00704 0.00804
10 19 -0.00017 -0.00067 0.00033
10 20 0.00729 0.00679 0.00779
10 21 0.01529 0.01479 0.01579
10 22 0.01804 0.01729 0.01879
10 23 0.01929 0.01829 0.02029
10 24 0.02054 0.01954 0.02154
10 25 0.02054 0.01954 0.02154
10 26 0.02129 0.02054 0.02204
10 27 0.02279 0.02179 0.02379
10 28 0.02279 0.02179 0.02379
10 29 0.02254 0.02129 0.02379
10 30 0.02204 0.02054 0.02354
10 31 0.02179 0.01979 0.02379
10 32 0.02304 0.02079 0.02529
10 33 0.02329 0.02229 0.02429
10 34 0.02354 0.02229 0.02479
10 35 0.02404 0.02304 0.02504
10 36 0.02454 0.02329 0.02579
10 37 0.02454 0.02379 0.02529
10 38 0.02504 0.02379 0.02629
10 39 0.02529 0.02404 0.02654
10 40 0.02454 0.02304 0.02604
10 41 0.02654 0.02504 0.02804
10 42 0.02579 0.02454 0.02704
10 43 0.02579 0.02429 0.02729
10 44 0.02629 0.02504 0.02754
10 45 0.02704 0.02579 0.02829
10 46 0.02754 0.02654 0.02854
10 47 0.02854 0.02729 0.02979
10 48 0.02829 0.02704 0.02954
10 49 0.02829 0.02679 0.02979
10 50 0.02854 0.02754 0.02954
10 51 0.02804 0.02704 0.02904
10 52 0.02904 0.02754 0.03054
10 53 0.02879 0.02754 0.03004
10 54 0.02854 0.02729 0.02979
10 55 0.02754 0.02604 0.02904
10 56 0.02729 0.02604 0.02854
10 57 0.02754 0.02579 0.02929
10 58 0.02779 0.02579 0.02979
10 59 0.02779 0.02629 0.02929
10 60 0.02779 0.02629 0.02929
11 1 0.02534 0.02434 0.02634
11 2 0.02484 0.02359 0.02609
11 3 0.02434 0.02284 0.02584
11 4 0.02309 0.02159 0.02459
11 5 0.02359 0.02234 0.02484
11 6 0.02259 0.02059 0.02459
11 7 0.02259 0.02134 0.02384
11 8 0.02334 0.02259 0.02409
11 9 0.02234 0.02134 0.02334
11 10 0.02234 0.02009 0.02459
11 11 0.02234 0.01984 0.02484
11 12 0.02209 0.02059 0.02359
11 13 0.02234 0.02134 0.02334
11 14 0.02059 0.01959 0.02159
11 15 0.02034 0.01934 0.02134
11 16 0.02034 0.01884 0.02184
11 17 0.01984 0.01884 0.02084
11 18 0.01834 0.01759 0.01909
11 19 0.01534 0.01484 0.01584
11 20 0.00734 0.00684 0.00784
11 21 -0.00006 -0.00056 0.00044
11 22 0.00759 0.00709 0.00809
11 23 0.01509 0.01409 0.01609
11 24 0.01784 0.01659 0.01909
11 25 0.01934 0.01809 0.02059
11 26 0.02059 0.01959 0.02159
11 27 0.02109 0.02009 0.02209
11 28 0.02134 0.02009 0.02259
11 29 0.02259 0.02134 0.02384
11 30 0.02209 0.02109 0.02309
11 31 0.02284 0.02159 0.02409
11 32 0.02309 0.02159 0.02459
11 33 0.02234 0.02009 0.02459
11 34 0.02309 0.02159 0.02459
11 35 0.02359 0.02284 0.02434
11 36 0.02409 0.02334 0.02484
11 37 0.02409 0.02359 0.02459
11 38 0.02459 0.02409 0.02509
11 39 0.02534 0.02459 0.02609
11 40 0.02559 0.02484 0.02634
11 41 0.02559 0.02484 0.02634
11 42 0.02584 0.02459 0.02709
11 43 0.02609 0.02484 0.02734
11 44 0.02634 0.02484 0.02784
11 45 0.02684 0.02509 0.02859
11 46 0.02709 0.02559 0.02859
11 47 0.02784 0.02684 0.02884
11 48 0.02859 0.02759 0.02959
11 49 0.02884 0.02784 0.02984
11 50 0.02859 0.02759 0.02959
11 51 0.02859 0.02759 0.02959
11 52 0.02834 0.02734 0.02934
11 53 0.02759 0.02684 0.02834
11 54 0.02834 0.02584 0.03084
11 55 0.02859 0.02759 0.02959
11 56 0.02784 0.02659 0.02909
11 57 0.02759 0.02659 0.02859
11 58 0.02809 0.02659 0.02959
11 59 0.02784 0.02609 0.02959
11 60 0.02784 0.02634 0.02934
12 1 0.02609 0.02509 0.02709
12 2 0.02584 0.02484 0.02684
12 3 0.02484 0.02384 0.02584
12 4 0.02509 0.02359 0.02659
12 5 0.02509 0.02434 0.02584
12 6 0.02409 0.02234 0.02584
12 7 0.02384 0.02184 0.02584
12 8 0.02334 0.02134 0.02534
12 9 0.02384 0.02284 0.02484
12 10 0.02309 0.02184 0.02434
12 11 0.02259 0.02109 0.02409
12 12 0.02284 0.02084 0.02484
12 13 0.02159 0.02009 0.02309
12 14 0.02134 0.02034 0.02234
12 15 0.02209 0.02109 0.02309
12 16 0.02084 0.02009 0.02159
12 17 0.02059 0.01959 0.02159
12 18 0.02034 0.01934 0.02134
12 19 0.01984 0.01884 0.02084
12 20 0.01834 0.01759 0.01909
12 21 0.01609 0.01559 0.01659
12 22 0.00834 0.00784 0.00884
12 23 0.00000 -0.00050 0.00050
12 24 0.00809 0.00759 0.00859
12 25 0.01409 0.01359 0.01459
12 26 0.01734 0.01634 0.01834
12 27 0.01909 0.01784 0.02034
12 28 0.02009 0.01884 0.02134
12 29 0.02109 0.01984 0.02234
12 30 0.02084 0.01984 0.02184
12 31 0.02159 0.02059 0.02259
12 32 0.02159 0.02059 0.02259
12 33 0.02209 0.02109 0.02309
12 34 0.02284 0.02184 0.02384
12 35 0.02284 0.02134 0.02434
12 36 0.02334 0.02134 0.02534
12 37 0.02384 0.02159 0.02609
12 38 0.02434 0.02259 0.02609
12 39 0.02359 0.02184 0.02534
12 40 0.02434 0.02334 0.02534
12 41 0.02559 0.02509 0.02609
12 42 0.02534 0.02484 0.02584
12 43 0.02559 0.02384 0.02734
12 44 0.02584 0.02484 0.02684
12 45 0.02609 0.02484 0.02734
12 46 0.02659 0.02484 0.02834
12 47 0.02709 0.02534 0.02884
12 48 0.02659 0.02509 0.02809
12 49 0.02709 0.02559 0.02859
12 50 0.02734 0.02534 0.02934
12 51 0.02859 0.02709 0.03009
12 52 0.02809 0.02684 0.02934
12 53 0.02884 0.02784 0.02984
12 54 0.02834 0.02734 0.02934
12 55 0.02759 0.02659 0.02859
12 56 0.02784 0.02684 0.02884
12 57 0.02809 0.02709 0.02909
12 58 0.02809 0.02709 0.02909
12 59 0.02784 0.02684 0.02884
12 60 0.02834 0.02684 0.02984
13 1 0.02647 0.02547 0.02747
13 2 0.02622 0.02522 0.02722
13 3 0.02597 0.02522 0.02672
13 4 0.02622 0.02522 0.02722
13 5 0.02622 0.02572 0.02672
13 6 0.02572 0.02522 0.02622
13 7 0.02522 0.02422 0.02622
13 8 0.02422 0.02247 0.02597
13 9 0.02472 0.02322 0.02622
13 10 0.02447 0.02397 0.02497
13 11 0.02422 0.02322 0.02522
13 12 0.02397 0.02297 0.02497
13 13 0.02197 0.02047 0.02347
13 14 0.02247 0.02097 0.02397
13 15 0.02247 0.02072 0.02422
13 16 0.02172 0.02072 0.02272
13 17 0.02272 0.02172 0.02372
13 18 0.02147 0.02047 0.02247
13 19 0.02097 0.02022 0.02172
13 20 0.02072 0.01997 0.02147
13 21 0.01947 0.01872 0.02022
13 22 0.01772 0.01697 0.01847
13 23 0.01497 0.01422 0.01572
13 24 0.00822 0.00747 0.00897
13 25 0.00003 -0.00047 0.00053
13 26 0.00897 0.00847 0.00947
13 27 0.01447 0.01372 0.01522
13 28 0.01697 0.01597 0.01797
13 29 0.01897 0.01797 0.01997
13 30 0.01947 0.01847 0.02047
13 31 0.02047 0.01972 0.02122
13 32 0.02072 0.01997 0.02147
13 33 0.02122 0.02047 0.02197
13 34 0.02172 0.02097 0.02247
13 35 0.02172 0.02097 0.02247
13 36 0.02272 0.02172 0.02372
13 37 0.02172 0.02047 0.02297
13 38 0.02197 0.02072 0.02322
13 39 0.02297 0.02122 0.02472
13 40 0.02247 0.02097 0.02397
13 41 0.02297 0.02172 0.02422
13 42 0.02397 0.02297 0.02497
13 43 0.02472 0.02372 0.02572
13 44 0.02497 0.02347 0.02647
13 45 0.02547 0.02497 0.02597
13 46 0.02647 0.02597 0.02697
13 47 0.02697 0.02572 0.02822
13 48 0.02672 0.02522 0.02822
13 49 0.02672 0.02572 0.02772
13 50 0.02722 0.02547 0.02897
13 51 0.02722 0.02622 0.02822
13 52 0.02722 0.02597 0.02847
13 53 0.02722 0.02572 0.02872
13 54 0.02747 0.02622 0.02872
13 55 0.02697 0.02547 0.02847
13 56 0.02797 0.02622 0.02972
13 57 0.02747 0.02597 0.02897
13 58 0.02747 0.02622 0.02872
13 59 0.02722 0.02597 0.02847
13 60 0.02697 0.02572 0.02822
14 1 0.02740 0.02615 0.02865
14 2 0.02665 0.02540 0.02790
14 3 0.02640 0.02515 0.02765
14 4 0.02615 0.02515 0.02715
14 5 0.02665 0.02565 0.02765
14 6 0.02665 0.02565 0.02765
14 7 0.02590 0.02540 0.02640
14 8 0.02465 0.02415 0.02515
14 9 0.02515 0.02415 0.02615
14 10 0.02515 0.02440 0.02590
14 11 0.02490 0.02415 0.02565
14 12 0.02440 0.02365 0.02515
14 13 0.02415 0.02265 0.02565
14 14 0.02365 0.02240 0.02490
14 15 0.02190 0.02040 0.02340
14 16 0.02290 0.02165 0.02415
14 17 0.02140 0.01940 0.02340
14 18 0.02290 0.02240 0.02340
14 19 0.02290 0.02215 0.02365
14 20 0.02140 0.02065 0.02215
14 21 0.02115 0.02040 0.02190
14 22 0.02015 0.01940 0.02090
14 23 0.01940 0.01890 0.01990
14 24 0.01740 0.01690 0.01790
14 25 0.01390 0.01340 0.01440
14 26 0.00790 0.00740 0.00840
14 27 -0.00039 -0.00104 0.00027
14 28 0.00815 0.00765 0.00865
14 29 0.01390 0.01340 0.01440
14 30 0.01665 0.01590 0.01740
14 31 0.01840 0.01765 0.01915
14 32 0.01940 0.01865 0.02015
14 33 0.02065 0.01990 0.02140
14 34 0.02065 0.01990 0.02140
14 35 0.02115 0.02040 0.02190
14 36 0.02165 0.02090 0.02240
14 37 0.02190 0.02090 0.02290
14 38 0.02190 0.02090 0.02290
14 39 0.02240 0.02140 0.02340
14 40 0.02215 0.02115 0.02315
14 41 0.02265 0.02090 0.02440
14 42 0.02240 0.02115 0.02365
14 43 0.02315 0.02165 0.02465
14 44 0.02340 0.02190 0.02490
14 45 0.02415 0.02290 0.02540
14 46 0.02440 0.02265 0.02615
14 47 0.02490 0.02340 0.02640
14 48 0.02540 0.02465 0.02615
14 49 0.02565 0.02440 0.02690
14 50 0.02615 0.02490 0.02740
14 51 0.02640 0.02540 0.02740
14 52 0.02615 0.02465 0.02765
14 53 0.02615 0.02540 0.02690
14 54 0.02640 0.02515 0.02765
14 55 0.02640 0.02515 0.02765
14 56 0.02665 0.02515 0.02815
14 57 0.02590 0.02465 0.02715
14 58 0.02590 0.02465 0.02715
14 59 0.02565 0.02440 0.02690
14 60 0.02565 0.02415 0.02715
15 1 0.02693 0.02568 0.02818
15 2 0.02668 0.02568 0.02768
15 3 0.02668 0.02543 0.02793
15 4 0.02693 0.02568 0.02818
15 5 0.02693 0.02568 0.02818
15 6 0.02643 0.02518 0.02768
15 7 0.02618 0.02518 0.02718
15 8 0.02568 0.02493 0.02643
15 9 0.02518 0.02443 0.02593
15 10 0.02518 0.02443 0.02593
15 11 0.02493 0.02393 0.02593
15 12 0.02368 0.02243 0.02493
15 13 0.02368 0.02318 0.02418
15 14 0.02343 0.02243 0.02443
15 15 0.02343 0.02293 0.02393
15 16 0.02218 0.02143 0.02293
15 17 0.02168 0.01993 0.02343
15 18 0.02218 0.02118 0.02318
15 19 0.02343 0.02193 0.02493
15 20 0.02243 0.02193 0.02293
15 21 0.02243 0.02168 0.02318
15 22 0.02068 0.01993 0.02143
15 23 0.02093 0.02018 0.02168
15 24 0.01943 0.01868 0.02018
15 25 0.01868 0.01793 0.01943
15 26 0.01643 0.01593 0.01693
15 27 0.01393 0.01343 0.01443
15 28 0.00793 0.00743 0.00843
15 29 0.00005 -0.00045 0.00055
15 30 0.00793 0.00743 0.00843
15 31 0.01343 0.01293 0.01393
15 32 0.01643 0.01593 0.01693
15 33 0.01818 0.01768 0.01868
15 34 0.01893 0.01818 0.01968
15 35 0.02018 0.01943 0.02093
15 36 0.02043 0.01968 0.02118
15 37 0.02093 0.02018 0.02168
15 38 0.02068 0.01968 0.02168
15 39 0.02093 0.01993 0.02193
15 40 0.02143 0.02068 0.02218
15 41 0.02168 0.02093 0.02243
15 42 0.02093 0.02018 0.02168
15 43 0.02218 0.02093 0.02343
15 44 0.02243 0.02093 0.02393
15 45 0.02293 0.02143 0.02443
15 46 0.02343 0.02218 0.02468
15 47 0.02368 0.02218 0.02518
15 48 0.02443 0.02368 0.02518
15 49 0.02443 0.02368 0.02518
15 50 0.02443 0.02343 0.02543
15 51 0.02493 0.02343 0.02643
15 52 0.02518 0.02343 0.02693
15 53 0.02468 0.02318 0.02618
15 54 0.02518 0.02418 0.02618
15 55 0.02468 0.02368 0.02568
15 56 0.02543 0.02443 0.02643
15 57 0.02518 0.02368 0.02668
15 58 0.02543 0.02393 0.02693
15 59 0.02518 0.02368 0.02668
15 60 0.02443 0.02293 0.02593
16 1 0.02766 0.02641 0.02891
16 2 0.02691 0.02566 0.02816
16 3 0.02691 0.02566 0.02816
16 4 0.02691 0.02566 0.02816
16 5 0.02741 0.02616 0.02866
16 6 0.02691 0.02591 0.02791
16 7 0.02666 0.02491 0.02841
16 8 0.02566 0.02491 0.02641
16 9 0.02666 0.02541 0.02791
16 10 0.02591 0.02516 0.02666
16 11 0.02541 0.02441 0.02641
16 12 0.02491 0.02316 0.02666
16 13 0.02416 0.02316 0.02516
16 14 0.02316 0.02216 0.02416
16 15 0.02366 0.02291 0.02441
16 16 0.02366 0.02291 0.02441
16 17 0.02341 0.02266 0.02416
16 18 0.02341 0.02266 0.02416
16 19 0.02216 0.02016 0.02416
16 20 0.02316 0.02191 0.02441
16 21 0.02266 0.02191 0.02341
16 22 0.02191 0.02116 0.02266
16 23 0.02216 0.02141 0.02291
16 24 0.02066 0.01991 0.02141
16 25 0.02041 0.01966 0.02116
16 26 0.01941 0.01866 0.02016
16 27 0.01841 0.01766 0.01916
16 28 0.01666 0.01591 0.01741
16 29 0.01341 0.01291 0.01391
16 30 0.00691 0.00641 0.00741
16 31 -0.00050 -0.00100 0.00000
16 32 0.00766 0.00716 0.00816
16 33 0.01316 0.01241 0.01391
16 34 0.01641 0.01566 0.01716
16 35 0.01791 0.01716 0.01866
16 36 0.01891 0.01816 0.01966
16 37 0.01991 0.01916 0.02066
16 38 0.01991 0.01916 0.02066
16 39 0.02041 0.01966 0.02116
16 40 0.02066 0.01991 0.02141
16 41 0.02091 0.02016 0.02166
16 42 0.02066 0.01966 0.02166
16 43 0.02166 0.02091 0.02241
16 44 0.02166 0.02066 0.02266
16 45 0.02216 0.02066 0.02366
16 46 0.02216 0.02016 0.02416
16 47 0.02316 0.02141 0.02491
16 48 0.02291 0.02141 0.02441
16 49 0.02316 0.02216 0.02416
16 50 0.02391 0.02341 0.02441
16 51 0.02416 0.02316 0.02516
16 52 0.02466 0.02316 0.02616
16 53 0.02491 0.02366 0.02616
16 54 0.02466 0.02366 0.02566
16 55 0.02416 0.02266 0.02566
16 56 0.02416 0.02316 0.02516
16 57 0.02441 0.02316 0.02566
16 58 0.02466 0.02316 0.02616
16 59 0.02416 0.02291 0.02541
16 60 0.02391 0.02241 0.02541
17 1 0.02809 0.02684 0.02934
17 2 0.02784 0.02659 0.02909
17 3 0.02759 0.02609 0.02909
17 4 0.02709 0.02609 0.02809
17 5 0.02809 0.02684 0.02934
17 6 0.02759 0.02659 0.02859
17 7 0.02659 0.02559 0.02759
17 8 0.02684 0.02609 0.02759
17 9 0.02584 0.02484 0.02684
17 10 0.02584 0.02459 0.02709
17 11 0.02559 0.02409 0.02709
17 12 0.02559 0.02384 0.02734
17 13 0.02509 0.02284 0.02734
17 14 0.02434 0.02259 0.02609
17 15 0.02409 0.02309 0.02509
17 16 0.02359 0.02309 0.02409
17 17 0.02434 0.02384 0.02484
17 18 0.02334 0.02284 0.02384
17 19 0.02284 0.02209 0.02359
17 20 0.02409 0.02259 0.02559
17 21 0.02284 0.02034 0.02534
17 22 0.02309 0.02234 0.02384
17 23 0.02184 0.02109 0.02259
17 24 0.02184 0.02109 0.02259
17 25 0.02134 0.02059 0.02209
17 26 0.02059 0.02009 0.02109
17 27 0.02084 0.02034 0.02134
17 28 0.01934 0.01859 0.02009
17 29 0.01834 0.01759 0.01909
17 30 0.01634 0.01584 0.01684
17 31 0.01384 0.01334 0.01434
17 32 0.00809 0.00759 0.00859
17 33 -0.00011 -0.00061 0.00039
17 34 0.00834 0.00784 0.00884
17 35 0.01334 0.01284 0.01384
17 36 0.01609 0.01534 0.01684
17 37 0.01784 0.01709 0.01859
17 38 0.01834 0.01759 0.01909
17 39 0.01959 0.01884 0.02034
17 40 0.01984 0.01884 0.02084
17 41 0.02009 0.01934 0.02084
17 42 0.02034 0.01959 0.02109
17 43 0.02109 0.02034 0.02184
17 44 0.02109 0.02009 0.02209
17 45 0.02184 0.02134 0.02234
17 46 0.02209 0.02134 0.02284
17 47 0.02259 0.02184 0.02334
17 48 0.02284 0.02134 0.02434
17 49 0.02209 0.02084 0.02334
17 50 0.02359 0.02234 0.02484
17 51 0.02434 0.02334 0.02534
17 52 0.02434 0.02284 0.02584
17 53 0.02459 0.02334 0.02584
17 54 0.02434 0.02309 0.02559
17 55 0.02434 0.02309 0.02559
17 56 0.02409 0.02284 0.02534
17 57 0.02409 0.02284 0.02534
17 58 0.02384 0.02259 0.02509
17 59 0.02384 0.02234 0.02534
17 60 0.02359 0.02234 0.02484
18 1 0.02753 0.02628 0.02878
18 2 0.02778 0.02653 0.02903
18 3 0.02753 0.02628 0.02878
18 4 0.02728 0.02628 0.02828
18 5 0.02728 0.02578 0.02878
18 6 0.02728 0.02628 0.02828
18 7 0.02678 0.02553 0.02803
18 8 0.02703 0.02628 0.02778
18 9 0.02653 0.02578 0.02728
18 10 0.02603 0.02553 0.02653
18 11 0.02603 0.02478 0.02728
18 12 0.02553 0.02403 0.02703
18 13 0.02478 0.02353 0.02603
18 14 0.02428 0.02253 0.02603
18 15 0.02428 0.02303 0.02553
18 16 0.02428 0.02278 0.02578
18 17 0.02378 0.02303 0.02453
18 18 0.02403 0.02328 0.02478
18 19 0.02378 0.02303 0.02453
18 20 0.02353 0.02228 0.02478
18 21 0.02303 0.02128 0.02478
18 22 0.02278 0.02103 0.02453
18 23 0.02178 0.02003 0.02353
18 24 0.02253 0.02178 0.02328
18 25 0.02178 0.02078 0.02278
18 26 0.02178 0.02103 0.02253
18 27 0.02103 0.02028 0.02178
18 28 0.02053 0.01978 0.02128
18 29 0.02003 0.01928 0.02078
18 30 0.01878 0.01803 0.01953
18 31 0.01778 0.01703 0.01853
18 32 0.01578 0.01503 0.01653
18 33 0.01303 0.01228 0.01378
18 34 0.00803 0.00753 0.00853
18 35 0.00005 -0.00045 0.00055
18 36 0.00828 0.00778 0.00878
18 37 0.01378 0.01328 0.01428
18 38 0.01578 0.01503 0.01653
18 39 0.01678 0.01603 0.01753
18 40 0.01903 0.01828 0.01978
18 41 0.01953 0.01853 0.02053
18 42 0.01978 0.01903 0.02053
18 43 0.02003 0.01928 0.02078
18 44 0.02028 0.01953 0.02103
18 45 0.02078 0.02003 0.02153
18 46 0.02103 0.02028 0.02178
18 47 0.02153 0.02078 0.02228
18 48 0.02228 0.02153 0.02303
18 49 0.02278 0.02178 0.02378
18 50 0.02278 0.02203 0.02353
18 51 0.02278 0.02128 0.02428
18 52 0.02303 0.02228 0.02378
18 53 0.02278 0.02178 0.02378
18 54 0.02353 0.02278 0.02428
18 55 0.02353 0.02253 0.02453
18 56 0.02378 0.02253 0.02503
18 57 0.02278 0.02128 0.02428
18 58 0.02328 0.02203 0.02453
18 59 0.02278 0.02203 0.02353
18 60 0.02253 0.02128 0.02378
19 1 0.02781 0.02656 0.02906
19 2 0.02756 0.02656 0.02856
19 3 0.02706 0.02531 0.02881
19 4 0.02781 0.02656 0.02906
19 5 0.02731 0.02556 0.02906
19 6 0.02806 0.02731 0.02881
19 7 0.02681 0.02481 0.02881
19 8 0.02706 0.02581 0.02831
19 9 0.02681 0.02531 0.02831
19 10 0.02681 0.02581 0.02781
19 11 0.02681 0.02556 0.02806
19 12 0.02631 0.02506 0.02756
19 13 0.02606 0.02456 0.02756
19 14 0.02456 0.02281 0.02631
19 15 0.02481 0.02356 0.02606
19 16 0.02456 0.02331 0.02581
19 17 0.02456 0.02381 0.02531
19 18 0.02431 0.02331 0.02531
19 19 0.02431 0.02356 0.02506
19 20 0.02381 0.02306 0.02456
19 21 0.02331 0.02281 0.02381
19 22 0.02306 0.02156 0.02456
19 23 0.02281 0.02106 0.02456
19 24 0.02231 0.02106 0.02356
19 25 0.02181 0.02081 0.02281
19 26 0.02206 0.02106 0.02306
19 27 0.02156 0.02081 0.02231
19 28 0.02106 0.02031 0.02181
19 29 0.02056 0.01981 0.02131
19 30 0.02006 0.01906 0.02106
19 31 0.01981 0.01906 0.02056
19 32 0.01881 0.01806 0.01956
19 33 0.01706 0.01631 0.01781
19 34 0.01606 0.01531 0.01681
19 35 0.01381 0.01306 0.01456
19 36 0.00731 0.00681 0.00781
19 37 -0.00017 -0.00067 0.00033
19 38 0.00756 0.00706 0.00806
19 39 0.01331 0.01256 0.01406
19 40 0.01581 0.01531 0.01631
19 41 0.01756 0.01681 0.01831
19 42 0.01806 0.01731 0.01881
19 43 0.01931 0.01856 0.02006
19 44 0.01956 0.01906 0.02006
19 45 0.02006 0.01931 0.02081
19 46 0.01981 0.01906 0.02056
19 47 0.02081 0.02006 0.02156
19 48 0.02056 0.01981 0.02131
19 49 0.02156 0.02081 0.02231
19 50 0.02181 0.02106 0.02256
19 51 0.02256 0.02131 0.02381
19 52 0.02256 0.02106 0.02406
19 53 0.02281 0.02131 0.02431
19 54 0.02231 0.02106 0.02356
19 55 0.02231 0.02106 0.02356
19 56 0.02306 0.02181 0.02431
19 57 0.02281 0.02156 0.02406
19 58 0.02281 0.02181 0.02381
19 59 0.02231 0.02131 0.02331
19 60 0.02256 0.02131 0.02381
20 1 0.02880 0.02780 0.02980
20 2 0.02880 0.02730 0.03030
20 3 0.02830 0.02730 0.02930
20 4 0.02830 0.02705 0.02955
20 5 0.02855 0.02680 0.03030
20 6 0.02830 0.02680 0.02980
20 7 0.02780 0.02705 0.02855
20 8 0.02755 0.02580 0.02930
20 9 0.02705 0.02555 0.02855
20 10 0.02680 0.02555 0.02805
20 11 0.02655 0.02555 0.02755
20 12 0.02605 0.02430 0.02780
20 13 0.02605 0.02455 0.02755
20 14 0.02605 0.02455 0.02755
20 15 0.02555 0.02380 0.02730
20 16 0.02580 0.02430 0.02730
20 17 0.02505 0.02330 0.02680
20 18 0.02505 0.02355 0.02655
20 19 0.02555 0.02405 0.02705
20 20 0.02505 0.02430 0.02580
20 21 0.02455 0.02405 0.02505
20 22 0.02405 0.02305 0.02505
20 23 0.02355 0.02230 0.02480
20 24 0.02380 0.02205 0.02555
20 25 0.02255 0.02105 0.02405
20 26 0.02280 0.02205 0.02355
20 27 0.02205 0.02130 0.02280
20 28 0.02180 0.02105 0.02255
20 29 0.02105 0.02030 0.02180
20 30 0.02055 0.02005 0.02105
20 31 0.02030 0.01955 0.02105
20 32 0.01980 0.01905 0.02055
20 33 0.01930 0.01830 0.02030
20 34 0.01855 0.01780 0.01930
20 35 0.01680 0.01605 0.01755
20 36 0.01630 0.01555 0.01705
20 37 0.01430 0.01380 0.01480
20 38 0.00855 0.00805 0.00905
20 39 -0.00011 -0.00065 0.00044
20 40 0.00880 0.00830 0.00930
20 41 0.01355 0.01305 0.01405
20 42 0.01580 0.01530 0.01630
20 43 0.01705 0.01655 0.01755
20 44 0.01805 0.01755 0.01855
20 45 0.01905 0.01855 0.01955
20 46 0.01955 0.01905 0.02005
20 47 0.01955 0.01905 0.02005
20 48 0.01980 0.01930 0.02030
20 49 0.02055 0.02005 0.02105
20 50 0.02030 0.01930 0.02130
20 51 0.02105 0.02055 0.02155
20 52 0.02155 0.02080 0.02230
20 53 0.02105 0.02005 0.02205
20 54 0.02155 0.02005 0.02305
20 55 0.02155 0.01980 0.02330
20 56 0.02205 0.02030 0.02380
20 57 0.02180 0.02080 0.02280
20 58 0.02205 0.02130 0.02280
20 59 0.02180 0.02105 0.02255
20 60 0.02180 0.02030 0.02330
21 1 0.02908 0.02808 0.03008
21 2 0.02933 0.02758 0.03108
21 3 0.02883 0.02733 0.03033
21 4 0.02833 0.02683 0.02983
21 5 0.02833 0.02733 0.02933
21 6 0.02833 0.02733 0.02933
21 7 0.02808 0.02633 0.02983
21 8 0.02783 0.02658 0.02908
21 9 0.02758 0.02658 0.02858
21 10 0.02733 0.02633 0.02833
21 11 0.02733 0.02633 0.02833
21 12 0.02733 0.02633 0.02833
21 13 0.02683 0.02583 0.02783
21 14 0.02658 0.02583 0.02733
21 15 0.02608 0.02533 0.02683
21 16 0.02583 0.02433 0.02733
21 17 0.02608 0.02458 0.02758
21 18 0.02583 0.02508 0.02658
21 19 0.02583 0.02458 0.02708
21 20 0.02583 0.02508 0.02658
21 21 0.02558 0.02483 0.02633
21 22 0.02558 0.02508 0.02608
21 23 0.02558 0.02508 0.02608
21 24 0.02433 0.02358 0.02508
21 25 0.02333 0.02183 0.02483
21 26 0.02283 0.02133 0.02433
21 27 0.02233 0.02108 0.02358
21 28 0.02183 0.02108 0.02258
21 29 0.02183 0.02133 0.02233
21 30 0.02108 0.02033 0.02183
21 31 0.02108 0.02033 0.02183
21 32 0.02083 0.02008 0.02158
21 33 0.02008 0.01933 0.02083
21 34 0.01983 0.01908 0.02058
21 35 0.01933 0.01858 0.02008
21 36 0.01833 0.01783 0.01883
21 37 0.01783 0.01733 0.01833
21 38 0.01583 0.01508 0.01658
21 39 0.01358 0.01283 0.01433
21 40 0.00783 0.00733 0.00833
21 41 0.00004 -0.00096 0.00104
21 42 0.00808 0.00758 0.00858
21 43 0.01333 0.01258 0.01408
21 44 0.01558 0.01483 0.01633
21 45 0.01683 0.01608 0.01758
21 46 0.01758 0.01683 0.01833
21 47 0.01908 0.01833 0.01983
21 48 0.01958 0.01883 0.02033
21 49 0.01983 0.01933 0.02033
21 50 0.02033 0.01983 0.02083
21 51 0.02133 0.02058 0.02208
21 52 0.02158 0.02083 0.02233
21 53 0.02183 0.02108 0.02258
21 54 0.02133 0.02058 0.02208
21 55 0.02133 0.02058 0.02208
21 56 0.02108 0.01958 0.02258
21 57 0.02133 0.01983 0.02283
21 58 0.02183 0.02108 0.02258
21 59 0.02133 0.02058 0.02208
21 60 0.02108 0.01958 0.02258
22 1 0.02918 0.02768 0.03068
22 2 0.02918 0.02793 0.03043
22 3 0.02943 0.02793 0.03093
22 4 0.02993 0.02818 0.03168
22 5 0.02843 0.02693 0.02993
22 6 0.02868 0.02668 0.03068
22 7 0.02843 0.02743 0.02943
22 8 0.02793 0.02643 0.02943
22 9 0.02793 0.02643 0.02943
22 10 0.02793 0.02643 0.02943
22 11 0.02693 0.02518 0.02868
22 12 0.02743 0.02543 0.02943
22 13 0.02643 0.02493 0.02793
22 14 0.02643 0.02468 0.02818
22 15 0.02618 0.02443 0.02793
22 16 0.02643 0.02543 0.02743
22 17 0.02643 0.02468 0.02818
22 18 0.02668 0.02493 0.02843
22 19 0.02568 0.02418 0.02718
22 20 0.02618 0.02493 0.02743
22 21 0.02568 0.02468 0.02668
22 22 0.02518 0.02418 0.02618
22 23 0.02468 0.02393 0.02543
22 24 0.02518 0.02443 0.02593
22 25 0.02443 0.02343 0.02543
22 26 0.02343 0.02218 0.02468
22 27 0.02268 0.02118 0.02418
22 28 0.02218 0.02068 0.02368
22 29 0.02193 0.02043 0.02343
22 30 0.02143 0.02068 0.02218
22 31 0.02118 0.02043 0.02193
22 32 0.02068 0.01968 0.02168
22 33 0.02043 0.01968 0.02118
22 34 0.02018 0.01943 0.02093
22 35 0.02018 0.01943 0.02093
22 36 0.01968 0.01893 0.02043
22 37 0.01943 0.01868 0.02018
22 38 0.01793 0.01718 0.01868
22 39 0.01618 0.01543 0.01693
22 40 0.01543 0.01468 0.01618
22 41 0.01343 0.01293 0.01393
22 42 0.00818 0.00743 0.00893
22 43 -0.00009 -0.00059 0.00041
22 44 0.00793 0.00743 0.00843
22 45 0.01318 0.01268 0.01368
22 46 0.01543 0.01493 0.01593
22 47 0.01668 0.01593 0.01743
22 48 0.01818 0.01743 0.01893
22 49 0.01818 0.01718 0.01918
22 50 0.01943 0.01868 0.02018
22 51 0.01968 0.01893 0.02043
22 52 0.01993 0.01918 0.02068
22 53 0.02018 0.01943 0.02093
22 54 0.02043 0.01943 0.02143
22 55 0.02043 0.01968 0.02118
22 56 0.02018 0.01943 0.02093
22 57 0.02018 0.01918 0.02118
22 58 0.02043 0.01968 0.02118
22 59 0.01943 0.01843 0.02043
22 60 0.01993 0.01918 0.02068
23 1 0.03020 0.02920 0.03120
23 2 0.02995 0.02870 0.03120
23 3 0.02920 0.02845 0.02995
23 4 0.02870 0.02795 0.02945
23 5 0.02870 0.02770 0.02970
23 6 0.02895 0.02770 0.03020
23 7 0.02895 0.02770 0.03020
23 8 0.02845 0.02670 0.03020
23 9 0.02870 0.02745 0.02995
23 10 0.02870 0.02720 0.03020
23 11 0.02795 0.02620 0.02970
23 12 0.02795 0.02620 0.02970
23 13 0.02670 0.02545 0.02795
23 14 0.02670 0.02570 0.02770
23 15 0.02695 0.02570 0.02820
23 16 0.02645 0.02520 0.02770
23 17 0.02720 0.02620 0.02820
23 18 0.02720 0.02645 0.02795
23 19 0.02670 0.02570 0.02770
23 20 0.02595 0.02445 0.02745
23 21 0.02620 0.02470 0.02770
23 22 0.02595 0.02470 0.02720
23 23 0.02545 0.02420 0.02670
23 24 0.02520 0.02395 0.02645
23 25 0.02495 0.02445 0.02545
23 26 0.02470 0.02320 0.02620
23 27 0.02445 0.02345 0.02545
23 28 0.02270 0.02170 0.02370
23 29 0.02245 0.02070 0.02420
23 30 0.02195 0.01995 0.02395
23 31 0.02195 0.02070 0.02320
23 32 0.02145 0.02070 0.02220
23 33 0.02145 0.02070 0.02220
23 34 0.02070 0.01995 0.02145
23 35 0.02120 0.02045 0.02195
23 36 0.02020 0.01970 0.02070
23 37 0.01970 0.01920 0.02020
23 38 0.01970 0.01895 0.02045
23 39 0.01895 0.01820 0.01970
23 40 0.01770 0.01720 0.01820
23 41 0.01720 0.01670 0.01770
23 42 0.01570 0.01520 0.01620
23 43 0.01370 0.01320 0.01420
23 44 0.00795 0.00745 0.00845
23 45 0.00000 -0.00050 0.00050
23 46 0.00770 0.00720 0.00820
23 47 0.01345 0.01270 0.01420
23 48 0.01595 0.01520 0.01670
23 49 0.01720 0.01645 0.01795
23 50 0.01820 0.01745 0.01895
23 51 0.01795 0.01720 0.01870
23 52 0.01895 0.01820 0.01970
23 53 0.01945 0.01870 0.02020
23 54 0.01920 0.01845 0.01995
23 55 0.01945 0.01870 0.02020
23 56 0.01970 0.01895 0.02045
23 57 0.01970 0.01895 0.02045
23 58 0.01945 0.01870 0.02020
23 59 0.01995 0.01895 0.02095
23 60 0.02045 0.01870 0.02220
24 1 0.03162 0.03062 0.03262
24 2 0.03062 0.02912 0.03212
24 3 0.03037 0.02912 0.03162
24 4 0.02987 0.02887 0.03087
24 5 0.03062 0.02987 0.03137
24 6 0.03112 0.02987 0.03237
24 7 0.02962 0.02862 0.03062
24 8 0.02862 0.02687 0.03037
24 9 0.02812 0.02612 0.03012
24 10 0.02787 0.02637 0.02937
24 11 0.02737 0.02587 0.02887
24 12 0.02737 0.02612 0.02862
24 13 0.02687 0.02562 0.02812
24 14 0.02737 0.02612 0.02862
24 15 0.02787 0.02662 0.02912
24 16 0.02787 0.02712 0.02862
24 17 0.02812 0.02712 0.02912
24 18 0.02787 0.02687 0.02887
24 19 0.02787 0.02662 0.02912
24 20 0.02737 0.02687 0.02787
24 21 0.02762 0.02612 0.02912
24 22 0.02712 0.02537 0.02887
24 23 0.02637 0.02462 0.02812
24 24 0.02562 0.02437 0.02687
24 25 0.02562 0.02437 0.02687
24 26 0.02512 0.02387 0.02637
24 27 0.02487 0.02362 0.02612
24 28 0.02462 0.02337 0.02587
24 29 0.02362 0.02212 0.02512
24 30 0.02262 0.02112 0.02412
24 31 0.02262 0.02087 0.02437
24 32 0.02237 0.02112 0.02362
24 33 0.02187 0.02137 0.02237
24 34 0.02162 0.02112 0.02212
24 35 0.02112 0.02037 0.02187
24 36 0.02087 0.02012 0.02162
24 37 0.01987 0.01912 0.02062
24 38 0.01987 0.01912 0.02062
24 39 0.01987 0.01912 0.02062
24 40 0.01987 0.01887 0.02087
24 41 0.01912 0.01837 0.01987
24 42 0.01762 0.01687 0.01837
24 43 0.01662 0.01587 0.01737
24 44 0.01562 0.01512 0.01612
24 45 0.01287 0.01237 0.01337
24 46 0.00712 0.00662 0.00762
24 47 -0.00017 -0.00067 0.00033
24 48 0.00812 0.00762 0.00862
24 49 0.01312 0.01237 0.01387
24 50 0.01587 0.01512 0.01662
24 51 0.01712 0.01637 0.01787
24 52 0.01737 0.01662 0.01812
24 53 0.01812 0.01712 0.01912
24 54 0.01837 0.01762 0.01912
24 55 0.01862 0.01787 0.01937
24 56 0.01912 0.01837 0.01987
24 57 0.01937 0.01862 0.02012
24 58 0.01937 0.01862 0.02012
24 59 0.01937 0.01862 0.02012
24 60 0.01912 0.01812 0.02012
25 1 0.03099 0.02949 0.03249
25 2 0.03124 0.02974 0.03274
25 3 0.03149 0.03024 0.03274
25 4 0.03099 0.02949 0.03249
25 5 0.03124 0.03024 0.03224
25 6 0.03099 0.02999 0.03199
25 7 0.03024 0.02874 0.03174
25 8 0.02974 0.02824 0.03124
25 9 0.02924 0.02774 0.03074
25 10 0.02924 0.02749 0.03099
25 11 0.02899 0.02724 0.03074
25 12 0.02849 0.02699 0.02999
25 13 0.02824 0.02699 0.02949
25 14 0.02824 0.02699 0.02949
25 15 0.02799 0.02724 0.02874
25 16 0.02799 0.02674 0.02924
25 17 0.02824 0.02724 0.02924
25 18 0.02849 0.02749 0.02949
25 19 0.02899 0.02799 0.02999
25 20 0.02849 0.02774 0.02924
25 21 0.02899 0.02774 0.03024
25 22 0.02749 0.02624 0.02874
25 23 0.02699 0.02599 0.02799
25 24 0.02724 0.02599 0.02849
25 25 0.02624 0.02524 0.02724
25 26 0.02674 0.02574 0.02774
25 27 0.02574 0.02474 0.02674
25 28 0.02499 0.02424 0.02574
25 29 0.02474 0.02399 0.02549
25 30 0.02349 0.02224 0.02474
25 31 0.02374 0.02224 0.02524
25 32 0.02249 0.02174 0.02324
25 33 0.02224 0.02099 0.02349
25 34 0.02299 0.02149 0.02449
25 35 0.02274 0.02199 0.02349
25 36 0.02224 0.02149 0.02299
25 37 0.02124 0.02049 0.02199
25 38 0.02049 0.01974 0.02124
25 39 0.02049 0.01974 0.02124
25 40 0.01999 0.01924 0.02074
25 41 0.01999 0.01924 0.02074
25 42 0.01949 0.01874 0.02024
25 43 0.01849 0.01749 0.01949
25 44 0.01799 0.01724 0.01874
25 45 0.01699 0.01624 0.01774
25 46 0.01574 0.01524 0.01624
25 47 0.01324 0.01249 0.01399
25 48 0.00724 0.00674 0.00774
25 49 0.00005 -0.00045 0.00055
25 50 0.00724 0.00674 0.00774
25 51 0.01374 0.01324 0.01424
25 52 0.01574 0.01499 0.01649
25 53 0.01624 0.01549 0.01699
25 54 0.01649 0.01549 0.01749
25 55 0.01774 0.01699 0.01849
25 56 0.01799 0.01724 0.01874
25 57 0.01799 0.01724 0.01874
25 58 0.01824 0.01749 0.01899
25 59 0.01874 0.01774 0.01974
25 60 0.01899 0.01824 0.01974
26 1 0.03300 0.03150 0.03450
26 2 0.03275 0.03150 0.03400
26 3 0.03250 0.03125 0.03375
26 4 0.03225 0.03025 0.03425
26 5 0.03225 0.03075 0.03375
26 6 0.03050 0.02900 0.03200
26 7 0.03100 0.02975 0.03225
26 8 0.03050 0.02925 0.03175
26 9 0.03000 0.02725 0.03275
26 10 0.03025 0.02925 0.03125
26 11 0.02950 0.02800 0.03100
26 12 0.02925 0.02725 0.03125
26 13 0.02850 0.02700 0.03000
26 14 0.02825 0.02675 0.02975
26 15 0.02775 0.02625 0.02925
26 16 0.02775 0.02625 0.02925
26 17 0.02800 0.02725 0.02875
26 18 0.02800 0.02700 0.02900
26 19 0.02800 0.02700 0.02900
26 20 0.02825 0.02750 0.02900
26 21 0.02875 0.02775 0.02975
26 22 0.02800 0.02675 0.02925
26 23 0.02800 0.02675 0.02925
26 24 0.02800 0.02625 0.02975
26 25 0.02725 0.02650 0.02800
26 26 0.02750 0.02675 0.02825
26 27 0.02675 0.02575 0.02775
26 28 0.02600 0.02500 0.02700
26 29 0.02575 0.02425 0.02725
26 30 0.02500 0.02375 0.02625
26 31 0.02475 0.02350 0.02600
26 32 0.02400 0.02250 0.02550
26 33 0.02325 0.02200 0.02450
26 34 0.02300 0.02100 0.02500
26 35 0.02250 0.02100 0.02400
26 36 0.02225 0.02125 0.02325
26 37 0.02200 0.02075 0.02325
26 38 0.02175 0.02125 0.02225
26 39 0.02150 0.02050 0.02250
26 40 0.02125 0.02075 0.02175
26 41 0.02100 0.02025 0.02175
26 42 0.02025 0.01950 0.02100
26 43 0.01950 0.01875 0.02025
26 44 0.01925 0.01825 0.02025
26 45 0.01775 0.01675 0.01875
26 46 0.01800 0.01725 0.01875
26 47 0.01675 0.01600 0.01750
26 48 0.01575 0.01500 0.01650
26 49 0.01375 0.01325 0.01425
26 50 0.00675 0.00625 0.00725
26 51 0.00016 -0.00034 0.00066
26 52 0.00750 0.00700 0.00800
26 53 0.01375 0.01325 0.01425
26 54 0.01525 0.01450 0.01600
26 55 0.01550 0.01475 0.01625
26 56 0.01650 0.01550 0.01750
26 57 0.01750 0.01675 0.01825
26 58 0.01750 0.01675 0.01825
26 59 0.01750 0.01650 0.01850
26 60 0.01800 0.01700 0.01900
27 1 0.03214 0.03014 0.03414
27 2 0.03239 0.03089 0.03389
27 3 0.03214 0.03064 0.03364
27 4 0.03189 0.03064 0.03314
27 5 0.03239 0.03139 0.03339
27 6 0.03114 0.02964 0.03264
27 7 0.03089 0.02939 0.03239
27 8 0.02964 0.02789 0.03139
27 9 0.02939 0.02864 0.03014
27 10 0.02889 0.02789 0.02989
27 11 0.02889 0.02764 0.03014
27 12 0.02864 0.02739 0.02989
27 13 0.02814 0.02689 0.02939
27 14 0.02814 0.02664 0.02964
27 15 0.02814 0.02664 0.02964
27 16 0.02814 0.02714 0.02914
27 17 0.02764 0.02664 0.02864
27 18 0.02814 0.02714 0.02914
27 19 0.02814 0.02739 0.02889
27 20 0.02839 0.02739 0.02939
27 21 0.02839 0.02689 0.02989
27 22 0.02764 0.02664 0.02864
27 23 0.02814 0.02714 0.02914
27 24 0.02739 0.02639 0.02839
27 25 0.02789 0.02689 0.02889
27 26 0.02689 0.02589 0.02789
27 27 0.02589 0.02514 0.02664
27 28 0.02564 0.02489 0.02639
27 29 0.02564 0.02439 0.02689
27 30 0.02464 0.02339 0.02589
27 31 0.02514 0.02364 0.02664
27 32 0.02439 0.02314 0.02564
27 33 0.02414 0.02264 0.02564
27 34 0.02339 0.02214 0.02464
27 35 0.02239 0.02139 0.02339
27 36 0.02164 0.02064 0.02264
27 37 0.02139 0.01989 0.02289
27 38 0.02189 0.02089 0.02289
27 39 0.02114 0.02039 0.02189
27 40 0.02139 0.02089 0.02189
27 41 0.02064 0.02014 0.02114
27 42 0.02014 0.01939 0.02089
27 43 0.01989 0.01889 0.02089
27 44 0.01989 0.01914 0.02064
27 45 0.01939 0.01864 0.02014
27 46 0.01864 0.01789 0.01939
27 47 0.01764 0.01664 0.01864
27 48 0.01689 0.01614 0.01764
27 49 0.01614 0.01539 0.01689
27 50 0.01514 0.01439 0.01589
27 51 0.01364 0.01289 0.01439
27 52 0.00689 0.00639 0.00739
27 53 -0.00006 -0.00056 0.00044
27 54 0.00664 0.00464 0.00864
27 55 0.01264 0.01214 0.01314
27 56 0.01364 0.01289 0.01439
27 57 0.01414 0.01339 0.01489
27 58 0.01464 0.01389 0.01539
27 59 0.01589 0.01514 0.01664
27 60 0.01589 0.01489 0.01689
28 1 0.03143 0.03018 0.03268
28 2 0.03168 0.03068 0.03268
28 3 0.03143 0.02843 0.03443
28 4 0.03118 0.02918 0.03318
28 5 0.03093 0.02918 0.03268
28 6 0.03068 0.03018 0.03118
28 7 0.03018 0.02893 0.03143
28 8 0.02943 0.02768 0.03118
28 9 0.02943 0.02793 0.03093
28 10 0.02918 0.02668 0.03168
28 11 0.02893 0.02768 0.03018
28 12 0.02868 0.02768 0.02968
28 13 0.02868 0.02768 0.02968
28 14 0.02818 0.02718 0.02918
28 15 0.02793 0.02643 0.02943
28 16 0.02768 0.02693 0.02843
28 17 0.02768 0.02593 0.02943
28 18 0.02793 0.02693 0.02893
28 19 0.02818 0.02693 0.02943
28 20 0.02818 0.02718 0.02918
28 21 0.02768 0.02668 0.02868
28 22 0.02718 0.02593 0.02843
28 23 0.02718 0.02543 0.02893
28 24 0.02743 0.02618 0.02868
28 25 0.02643 0.02518 0.02768
28 26 0.02668 0.02568 0.02768
28 27 0.02643 0.02568 0.02718
28 28 0.02543 0.02443 0.02643
28 29 0.02468 0.02393 0.02543
28 30 0.02418 0.02343 0.02493
28 31 0.02443 0.02318 0.02568
28 32 0.02368 0.02243 0.02493
28 33 0.02393 0.02268 0.02518
28 34 0.02368 0.02268 0.02468
28 35 0.02343 0.02218 0.02468
28 36 0.02268 0.02193 0.02343
28 37 0.02218 0.02118 0.02318
28 38 0.02093 0.01943 0.02243
28 39 0.02093 0.01943 0.02243
28 40 0.02093 0.01993 0.02193
28 41 0.02068 0.02018 0.02118
28 42 0.01993 0.01918 0.02068
28 43 0.02043 0.01968 0.02118
28 44 0.01993 0.01918 0.02068
28 45 0.01993 0.01918 0.02068
28 46 0.01918 0.01843 0.01993
28 47 0.01868 0.01818 0.01918
28 48 0.01818 0.01743 0.01893
28 49 0.01743 0.01668 0.01818
28 50 0.01668 0.01593 0.01743
28 51 0.01518 0.01443 0.01593
28 52 0.01368 0.01293 0.01443
28 53 0.01268 0.01218 0.01318
28 54 0.00643 0.00418 0.00868
28 55 -0.00028 -0.00078 0.00022
28 56 0.00693 0.00518 0.00868
28 57 0.01143 0.01068 0.01218
28 58 0.01243 0.01168 0.01318
28 59 0.01318 0.01243 0.01393
28 60 0.01393 0.01293 0.01493
29 1 0.03113 0.02938 0.03288
29 2 0.03088 0.02913 0.03263
29 3 0.03063 0.02863 0.03263
29 4 0.03063 0.02938 0.03188
29 5 0.03063 0.02888 0.03238
29 6 0.03013 0.02938 0.03088
29 7 0.02988 0.02888 0.03088
29 8 0.02913 0.02788 0.03038
29 9 0.02863 0.02688 0.03038
29 10 0.02838 0.02663 0.03013
29 11 0.02813 0.02688 0.02938
29 12 0.02688 0.02513 0.02863
29 13 0.02638 0.02538 0.02738
29 14 0.02663 0.02588 0.02738
29 15 0.02638 0.02488 0.02788
29 16 0.02688 0.02513 0.02863
29 17 0.02688 0.02513 0.02863
29 18 0.02688 0.02563 0.02813
29 19 0.02713 0.02538 0.02888
29 20 0.02738 0.02613 0.02863
29 21 0.02738 0.02663 0.02813
29 22 0.02738 0.02638 0.02838
29 23 0.02713 0.02613 0.02813
29 24 0.02713 0.02613 0.02813
29 25 0.02663 0.02563 0.02763
29 26 0.02638 0.02538 0.02738
29 27 0.02563 0.02488 0.02638
29 28 0.02538 0.02438 0.02638
29 29 0.02438 0.02338 0.02538
29 30 0.02438 0.02338 0.02538
29 31 0.02363 0.02288 0.02438
29 32 0.02363 0.02288 0.02438
29 33 0.02313 0.02188 0.02438
29 34 0.02313 0.02188 0.02438
29 35 0.02263 0.02138 0.02388
29 36 0.02288 0.02163 0.02413
29 37 0.02263 0.02213 0.02313
29 38 0.02138 0.02013 0.02263
29 39 0.02088 0.01988 0.02188
29 40 0.02038 0.01963 0.02113
29 41 0.02013 0.01863 0.02163
29 42 0.01963 0.01888 0.02038
29 43 0.01938 0.01863 0.02013
29 44 0.01913 0.01863 0.01963
29 45 0.01888 0.01838 0.01938
29 46 0.01838 0.01763 0.01913
29 47 0.01813 0.01738 0.01888
29 48 0.01813 0.01738 0.01888
29 49 0.01713 0.01638 0.01788
29 50 0.01663 0.01588 0.01738
29 51 0.01688 0.01613 0.01763
29 52 0.01463 0.01388 0.01538
29 53 0.01388 0.01313 0.01463
29 54 0.01288 0.01213 0.01363
29 55 0.01163 0.01113 0.01213
29 56 0.00713 0.00538 0.00888
29 57 -0.00006 -0.00056 0.00044
29 58 0.00638 0.00463 0.00813
29 59 0.01013 0.00963 0.01063
29 60 0.01188 0.01113 0.01263
30 1 0.03100 0.03000 0.03200
30 2 0.03125 0.02975 0.03275
30 3 0.03150 0.03000 0.03300
30 4 0.03125 0.02925 0.03325
30 5 0.03125 0.03000 0.03250
30 6 0.03050 0.02950 0.03150
30 7 0.03025 0.02850 0.03200
30 8 0.02900 0.02800 0.03000
30 9 0.02900 0.02725 0.03075
30 10 0.02900 0.02775 0.03025
30 11 0.02875 0.02750 0.03000
30 12 0.02800 0.02675 0.02925
30 13 0.02725 0.02600 0.02850
30 14 0.02700 0.02525 0.02875
30 15 0.02725 0.02600 0.02850
30 16 0.02725 0.02575 0.02875
30 17 0.02725 0.02575 0.02875
30 18 0.02750 0.02625 0.02875
30 19 0.02800 0.02675 0.02925
30 20 0.02800 0.02675 0.02925
30 21 0.02850 0.02725 0.02975
30 22 0.02775 0.02625 0.02925
30 23 0.02675 0.02600 0.02750
30 24 0.02725 0.02650 0.02800
30 25 0.02700 0.02625 0.02775
30 26 0.02600 0.02475 0.02725
30 27 0.02600 0.02525 0.02675
30 28 0.02500 0.02400 0.02600
30 29 0.02500 0.02375 0.02625
30 30 0.02475 0.02375 0.02575
30 31 0.02425 0.02325 0.02525
30 32 0.02400 0.02325 0.02475
30 33 0.02325 0.02225 0.02425
30 34 0.02275 0.02175 0.02375
30 35 0.02275 0.02200 0.02350
30 36 0.02250 0.02125 0.02375
30 37 0.02275 0.02200 0.02350
30 38 0.02225 0.02125 0.02325
30 39 0.02200 0.02150 0.02250
30 40 0.02175 0.02075 0.02275
30 41 0.02100 0.02025 0.02175
30 42 0.02000 0.01925 0.02075
30 43 0.02000 0.01900 0.02100
30 44 0.02000 0.01925 0.02075
30 45 0.01975 0.01925 0.02025
30 46 0.01950 0.01900 0.02000
30 47 0.01925 0.01875 0.01975
30 48 0.01925 0.01850 0.02000
30 49 0.01875 0.01800 0.01950
30 50 0.01825 0.01750 0.01900
30 51 0.01750 0.01675 0.01825
30 52 0.01675 0.01600 0.01750
30 53 0.01600 0.01525 0.01675
30 54 0.01450 0.01375 0.01525
30 55 0.01350 0.01275 0.01425
30 56 0.01225 0.01175 0.01275
30 57 0.01050 0.00975 0.01125
30 58 0.00600 0.00425 0.00775
30 59 -0.00017 -0.00067 0.00033
30 60 0.00600 0.00400 0.00800
31 1 0.03194 0.02994 0.03394
31 2 0.03194 0.03019 0.03369
31 3 0.03219 0.03019 0.03419
31 4 0.03219 0.03044 0.03394
31 5 0.03219 0.03044 0.03394
31 6 0.03194 0.03019 0.03369
31 7 0.03144 0.02969 0.03319
31 8 0.03019 0.02919 0.03119
31 9 0.02969 0.02769 0.03169
31 10 0.02969 0.02844 0.03094
31 11 0.02894 0.02694 0.03094
31 12 0.02844 0.02719 0.02969
31 13 0.02844 0.02644 0.03044
31 14 0.02844 0.02644 0.03044
31 15 0.02819 0.02694 0.02944
31 16 0.02769 0.02669 0.02869
31 17 0.02794 0.02694 0.02894
31 18 0.02794 0.02719 0.02869
31 19 0.02794 0.02669 0.02919
31 20 0.02819 0.02719 0.02919
31 21 0.02869 0.02744 0.02994
31 22 0.02894 0.02744 0.03044
31 23 0.02794 0.02694 0.02894
31 24 0.02769 0.02644 0.02894
31 25 0.02719 0.02494 0.02944
31 26 0.02719 0.02619 0.02819
31 27 0.02694 0.02569 0.02819
31 28 0.02619 0.02544 0.02694
31 29 0.02569 0.02519 0.02619
31 30 0.02494 0.02394 0.02594
31 31 0.02519 0.02344 0.02694
31 32 0.02419 0.02319 0.02519
31 33 0.02369 0.02269 0.02469
31 34 0.02344 0.02219 0.02469
31 35 0.02319 0.02219 0.02419
31 36 0.02269 0.02169 0.02369
31 37 0.02269 0.02219 0.02319
31 38 0.02269 0.02169 0.02369
31 39 0.02219 0.02169 0.02269
31 40 0.02219 0.02119 0.02319
31 41 0.02194 0.02144 0.02244
31 42 0.02119 0.02019 0.02219
31 43 0.02069 0.01994 0.02144
31 44 0.02044 0.01994 0.02094
31 45 0.02019 0.01944 0.02094
31 46 0.01944 0.01869 0.02019
31 47 0.01944 0.01894 0.01994
31 48 0.01919 0.01869 0.01969
31 49 0.01869 0.01794 0.01944
31 50 0.01794 0.01719 0.01869
31 51 0.01769 0.01694 0.01844
31 52 0.01769 0.01694 0.01844
31 53 0.01644 0.01569 0.01719
31 54 0.01569 0.01494 0.01644
31 55 0.01519 0.01444 0.01594
31 56 0.01394 0.01319 0.01469
31 57 0.01319 0.01244 0.01394
31 58 0.01219 0.01169 0.01269
31 59 0.01069 0.01019 0.01119
31 60 0.00419 0.00144 0.00694
